(kicad_pcb (version 20171130) (host pcbnew "(5.0.0)")

  (general
    (thickness 1.6)
    (drawings 6)
    (tracks 0)
    (zones 0)
    (modules 13)
    (nets 38)
  )

  (page A4)
  (layers
    (0 F.Cu signal)
    (31 B.Cu signal)
    (32 B.Adhes user)
    (33 F.Adhes user)
    (34 B.Paste user)
    (35 F.Paste user)
    (36 B.SilkS user)
    (37 F.SilkS user)
    (38 B.Mask user)
    (39 F.Mask user)
    (40 Dwgs.User user)
    (41 Cmts.User user)
    (42 Eco1.User user)
    (43 Eco2.User user)
    (44 Edge.Cuts user)
    (45 Margin user)
    (46 B.CrtYd user)
    (47 F.CrtYd user)
    (48 B.Fab user)
    (49 F.Fab user)
  )

  (setup
    (last_trace_width 0.25)
    (trace_clearance 0.2)
    (zone_clearance 0.508)
    (zone_45_only no)
    (trace_min 0.2)
    (segment_width 0.2)
    (edge_width 0.15)
    (via_size 0.8)
    (via_drill 0.4)
    (via_min_size 0.4)
    (via_min_drill 0.3)
    (uvia_size 0.3)
    (uvia_drill 0.1)
    (uvias_allowed no)
    (uvia_min_size 0.2)
    (uvia_min_drill 0.1)
    (pcb_text_width 0.3)
    (pcb_text_size 1.5 1.5)
    (mod_edge_width 0.15)
    (mod_text_size 1 1)
    (mod_text_width 0.15)
    (pad_size 1.524 1.524)
    (pad_drill 0.762)
    (pad_to_mask_clearance 0.2)
    (aux_axis_origin 0 0)
    (visible_elements 7FFFF7FF)
    (pcbplotparams
      (layerselection 0x010fc_ffffffff)
      (usegerberextensions false)
      (usegerberattributes false)
      (usegerberadvancedattributes false)
      (creategerberjobfile false)
      (excludeedgelayer true)
      (linewidth 0.100000)
      (plotframeref false)
      (viasonmask false)
      (mode 1)
      (useauxorigin false)
      (hpglpennumber 1)
      (hpglpenspeed 20)
      (hpglpendiameter 15.000000)
      (psnegative false)
      (psa4output false)
      (plotreference true)
      (plotvalue true)
      (plotinvisibletext false)
      (padsonsilk false)
      (subtractmaskfromsilk false)
      (outputformat 1)
      (mirror false)
      (drillshape 1)
      (scaleselection 1)
      (outputdirectory ""))
  )

  (net 0 "")
  (net 1 "Net-(U1-Pad9)")
  (net 2 "Net-(U1-Pad8)")
  (net 3 "Net-(U1-Pad6)")
  (net 4 "Net-(U1-Pad12)")
  (net 5 "Net-(R1-Pad1)")
  (net 6 "Net-(R1-Pad2)")
  (net 7 "Net-(R2-Pad2)")
  (net 8 "Net-(R2-Pad1)")
  (net 9 "Net-(R3-Pad1)")
  (net 10 "Net-(R3-Pad2)")
  (net 11 "Net-(R4-Pad2)")
  (net 12 "Net-(R4-Pad1)")
  (net 13 "Net-(R5-Pad1)")
  (net 14 "Net-(R5-Pad2)")
  (net 15 "Net-(R6-Pad2)")
  (net 16 "Net-(R6-Pad1)")
  (net 17 "Net-(R7-Pad1)")
  (net 18 "Net-(R7-Pad2)")
  (net 19 "Net-(R8-Pad2)")
  (net 20 "Net-(R8-Pad1)")
  (net 21 +5V)
  (net 22 "Net-(R9-Pad2)")
  (net 23 GND)
  (net 24 "Net-(U2-Pad7)")
  (net 25 "Net-(U2-Pad8)")
  (net 26 "Net-(U2-Pad16)")
  (net 27 "Net-(U2-Pad17)")
  (net 28 "Net-(U2-Pad18)")
  (net 29 "Net-(U2-Pad19)")
  (net 30 "Net-(U2-Pad20)")
  (net 31 "Net-(U2-Pad22)")
  (net 32 "Net-(U2-Pad23)")
  (net 33 "Net-(U2-Pad24)")
  (net 34 "Net-(U2-Pad25)")
  (net 35 "Net-(U2-Pad26)")
  (net 36 "Net-(U2-Pad27)")
  (net 37 "Net-(U2-Pad28)")

  (net_class Default "This is the default net class."
    (clearance 0.2)
    (trace_width 0.25)
    (via_dia 0.8)
    (via_drill 0.4)
    (uvia_dia 0.3)
    (uvia_drill 0.1)
    (add_net +5V)
    (add_net GND)
    (add_net "Net-(R1-Pad1)")
    (add_net "Net-(R1-Pad2)")
    (add_net "Net-(R2-Pad1)")
    (add_net "Net-(R2-Pad2)")
    (add_net "Net-(R3-Pad1)")
    (add_net "Net-(R3-Pad2)")
    (add_net "Net-(R4-Pad1)")
    (add_net "Net-(R4-Pad2)")
    (add_net "Net-(R5-Pad1)")
    (add_net "Net-(R5-Pad2)")
    (add_net "Net-(R6-Pad1)")
    (add_net "Net-(R6-Pad2)")
    (add_net "Net-(R7-Pad1)")
    (add_net "Net-(R7-Pad2)")
    (add_net "Net-(R8-Pad1)")
    (add_net "Net-(R8-Pad2)")
    (add_net "Net-(R9-Pad2)")
    (add_net "Net-(U1-Pad12)")
    (add_net "Net-(U1-Pad6)")
    (add_net "Net-(U1-Pad8)")
    (add_net "Net-(U1-Pad9)")
    (add_net "Net-(U2-Pad16)")
    (add_net "Net-(U2-Pad17)")
    (add_net "Net-(U2-Pad18)")
    (add_net "Net-(U2-Pad19)")
    (add_net "Net-(U2-Pad20)")
    (add_net "Net-(U2-Pad22)")
    (add_net "Net-(U2-Pad23)")
    (add_net "Net-(U2-Pad24)")
    (add_net "Net-(U2-Pad25)")
    (add_net "Net-(U2-Pad26)")
    (add_net "Net-(U2-Pad27)")
    (add_net "Net-(U2-Pad28)")
    (add_net "Net-(U2-Pad7)")
    (add_net "Net-(U2-Pad8)")
  )

  (module Connector_JST:JST_EH_B02B-EH-A_1x02_P2.50mm_Vertical (layer B.Cu) (tedit 5A0EB040) (tstamp 5BD325D2)
    (at 126.329274 65.867162)
    (descr "JST EH series connector, B02B-EH-A (http://www.jst-mfg.com/product/pdf/eng/eEH.pdf), generated with kicad-footprint-generator")
    (tags "connector JST EH side entry")
    (path /5BBD0B62)
    (fp_text reference J1 (at 1.25 2.8) (layer B.SilkS)
      (effects (font (size 1 1) (thickness 0.15)) (justify mirror))
    )
    (fp_text value Conn_01x02_Female (at 1.25 -3.4) (layer B.Fab)
      (effects (font (size 1 1) (thickness 0.15)) (justify mirror))
    )
    (fp_line (start -2.5 1.6) (end -2.5 -2.2) (layer B.Fab) (width 0.1))
    (fp_line (start -2.5 -2.2) (end 5 -2.2) (layer B.Fab) (width 0.1))
    (fp_line (start 5 -2.2) (end 5 1.6) (layer B.Fab) (width 0.1))
    (fp_line (start 5 1.6) (end -2.5 1.6) (layer B.Fab) (width 0.1))
    (fp_line (start -3 2.1) (end -3 -2.7) (layer B.CrtYd) (width 0.05))
    (fp_line (start -3 -2.7) (end 5.5 -2.7) (layer B.CrtYd) (width 0.05))
    (fp_line (start 5.5 -2.7) (end 5.5 2.1) (layer B.CrtYd) (width 0.05))
    (fp_line (start 5.5 2.1) (end -3 2.1) (layer B.CrtYd) (width 0.05))
    (fp_line (start -2.61 1.71) (end -2.61 -2.31) (layer B.SilkS) (width 0.12))
    (fp_line (start -2.61 -2.31) (end 5.11 -2.31) (layer B.SilkS) (width 0.12))
    (fp_line (start 5.11 -2.31) (end 5.11 1.71) (layer B.SilkS) (width 0.12))
    (fp_line (start 5.11 1.71) (end -2.61 1.71) (layer B.SilkS) (width 0.12))
    (fp_line (start -2.61 0) (end -2.11 0) (layer B.SilkS) (width 0.12))
    (fp_line (start -2.11 0) (end -2.11 1.21) (layer B.SilkS) (width 0.12))
    (fp_line (start -2.11 1.21) (end 4.61 1.21) (layer B.SilkS) (width 0.12))
    (fp_line (start 4.61 1.21) (end 4.61 0) (layer B.SilkS) (width 0.12))
    (fp_line (start 4.61 0) (end 5.11 0) (layer B.SilkS) (width 0.12))
    (fp_line (start -2.61 -0.81) (end -1.61 -0.81) (layer B.SilkS) (width 0.12))
    (fp_line (start -1.61 -0.81) (end -1.61 -2.31) (layer B.SilkS) (width 0.12))
    (fp_line (start 5.11 -0.81) (end 4.11 -0.81) (layer B.SilkS) (width 0.12))
    (fp_line (start 4.11 -0.81) (end 4.11 -2.31) (layer B.SilkS) (width 0.12))
    (fp_line (start -2.91 -0.11) (end -2.91 -2.61) (layer B.SilkS) (width 0.12))
    (fp_line (start -2.91 -2.61) (end -0.41 -2.61) (layer B.SilkS) (width 0.12))
    (fp_line (start -2.91 -0.11) (end -2.91 -2.61) (layer B.Fab) (width 0.1))
    (fp_line (start -2.91 -2.61) (end -0.41 -2.61) (layer B.Fab) (width 0.1))
    (fp_text user %R (at 1.25 -1.5) (layer B.Fab)
      (effects (font (size 1 1) (thickness 0.15)) (justify mirror))
    )
    (pad 1 thru_hole rect (at 0 0) (size 1.7 2) (drill 1) (layers *.Cu *.Mask)
      (net 23 GND))
    (pad 2 thru_hole oval (at 2.5 0) (size 1.7 2) (drill 1) (layers *.Cu *.Mask)
      (net 21 +5V))
    (model ${KISYS3DMOD}/Connector_JST.3dshapes/JST_EH_B02B-EH-A_1x02_P2.50mm_Vertical.wrl
      (at (xyz 0 0 0))
      (scale (xyz 1 1 1))
      (rotate (xyz 0 0 0))
    )
  )

  (module Resistor_SMD:R_0805_2012Metric (layer B.Cu) (tedit 5B36C52B) (tstamp 5BD325E3)
    (at 142.009274 67.017162)
    (descr "Resistor SMD 0805 (2012 Metric), square (rectangular) end terminal, IPC_7351 nominal, (Body size source: https://docs.google.com/spreadsheets/d/1BsfQQcO9C6DZCsRaXUlFlo91Tg2WpOkGARC1WS5S8t0/edit?usp=sharing), generated with kicad-footprint-generator")
    (tags resistor)
    (path /5BBA65A1)
    (attr smd)
    (fp_text reference R1 (at 0 1.65) (layer B.SilkS)
      (effects (font (size 1 1) (thickness 0.15)) (justify mirror))
    )
    (fp_text value R (at 0 -1.65) (layer B.Fab)
      (effects (font (size 1 1) (thickness 0.15)) (justify mirror))
    )
    (fp_line (start -1 -0.6) (end -1 0.6) (layer B.Fab) (width 0.1))
    (fp_line (start -1 0.6) (end 1 0.6) (layer B.Fab) (width 0.1))
    (fp_line (start 1 0.6) (end 1 -0.6) (layer B.Fab) (width 0.1))
    (fp_line (start 1 -0.6) (end -1 -0.6) (layer B.Fab) (width 0.1))
    (fp_line (start -0.258578 0.71) (end 0.258578 0.71) (layer B.SilkS) (width 0.12))
    (fp_line (start -0.258578 -0.71) (end 0.258578 -0.71) (layer B.SilkS) (width 0.12))
    (fp_line (start -1.68 -0.95) (end -1.68 0.95) (layer B.CrtYd) (width 0.05))
    (fp_line (start -1.68 0.95) (end 1.68 0.95) (layer B.CrtYd) (width 0.05))
    (fp_line (start 1.68 0.95) (end 1.68 -0.95) (layer B.CrtYd) (width 0.05))
    (fp_line (start 1.68 -0.95) (end -1.68 -0.95) (layer B.CrtYd) (width 0.05))
    (fp_text user %R (at 0 0) (layer B.Fab)
      (effects (font (size 0.5 0.5) (thickness 0.08)) (justify mirror))
    )
    (pad 1 smd roundrect (at -0.9375 0) (size 0.975 1.4) (layers B.Cu B.Paste B.Mask) (roundrect_rratio 0.25)
      (net 5 "Net-(R1-Pad1)"))
    (pad 2 smd roundrect (at 0.9375 0) (size 0.975 1.4) (layers B.Cu B.Paste B.Mask) (roundrect_rratio 0.25)
      (net 6 "Net-(R1-Pad2)"))
    (model ${KISYS3DMOD}/Resistor_SMD.3dshapes/R_0805_2012Metric.wrl
      (at (xyz 0 0 0))
      (scale (xyz 1 1 1))
      (rotate (xyz 0 0 0))
    )
  )

  (module Resistor_SMD:R_0805_2012Metric (layer B.Cu) (tedit 5B36C52B) (tstamp 5BD325F4)
    (at 145.419274 67.017162)
    (descr "Resistor SMD 0805 (2012 Metric), square (rectangular) end terminal, IPC_7351 nominal, (Body size source: https://docs.google.com/spreadsheets/d/1BsfQQcO9C6DZCsRaXUlFlo91Tg2WpOkGARC1WS5S8t0/edit?usp=sharing), generated with kicad-footprint-generator")
    (tags resistor)
    (path /5BBA6632)
    (attr smd)
    (fp_text reference R2 (at 0 1.65) (layer B.SilkS)
      (effects (font (size 1 1) (thickness 0.15)) (justify mirror))
    )
    (fp_text value R (at 0 -1.65) (layer B.Fab)
      (effects (font (size 1 1) (thickness 0.15)) (justify mirror))
    )
    (fp_text user %R (at 0 0) (layer B.Fab)
      (effects (font (size 0.5 0.5) (thickness 0.08)) (justify mirror))
    )
    (fp_line (start 1.68 -0.95) (end -1.68 -0.95) (layer B.CrtYd) (width 0.05))
    (fp_line (start 1.68 0.95) (end 1.68 -0.95) (layer B.CrtYd) (width 0.05))
    (fp_line (start -1.68 0.95) (end 1.68 0.95) (layer B.CrtYd) (width 0.05))
    (fp_line (start -1.68 -0.95) (end -1.68 0.95) (layer B.CrtYd) (width 0.05))
    (fp_line (start -0.258578 -0.71) (end 0.258578 -0.71) (layer B.SilkS) (width 0.12))
    (fp_line (start -0.258578 0.71) (end 0.258578 0.71) (layer B.SilkS) (width 0.12))
    (fp_line (start 1 -0.6) (end -1 -0.6) (layer B.Fab) (width 0.1))
    (fp_line (start 1 0.6) (end 1 -0.6) (layer B.Fab) (width 0.1))
    (fp_line (start -1 0.6) (end 1 0.6) (layer B.Fab) (width 0.1))
    (fp_line (start -1 -0.6) (end -1 0.6) (layer B.Fab) (width 0.1))
    (pad 2 smd roundrect (at 0.9375 0) (size 0.975 1.4) (layers B.Cu B.Paste B.Mask) (roundrect_rratio 0.25)
      (net 7 "Net-(R2-Pad2)"))
    (pad 1 smd roundrect (at -0.9375 0) (size 0.975 1.4) (layers B.Cu B.Paste B.Mask) (roundrect_rratio 0.25)
      (net 8 "Net-(R2-Pad1)"))
    (model ${KISYS3DMOD}/Resistor_SMD.3dshapes/R_0805_2012Metric.wrl
      (at (xyz 0 0 0))
      (scale (xyz 1 1 1))
      (rotate (xyz 0 0 0))
    )
  )

  (module Resistor_SMD:R_0805_2012Metric (layer B.Cu) (tedit 5B36C52B) (tstamp 5BD32605)
    (at 148.829274 67.017162)
    (descr "Resistor SMD 0805 (2012 Metric), square (rectangular) end terminal, IPC_7351 nominal, (Body size source: https://docs.google.com/spreadsheets/d/1BsfQQcO9C6DZCsRaXUlFlo91Tg2WpOkGARC1WS5S8t0/edit?usp=sharing), generated with kicad-footprint-generator")
    (tags resistor)
    (path /5BBA6682)
    (attr smd)
    (fp_text reference R3 (at 0 1.65) (layer B.SilkS)
      (effects (font (size 1 1) (thickness 0.15)) (justify mirror))
    )
    (fp_text value R (at 0 -1.65) (layer B.Fab)
      (effects (font (size 1 1) (thickness 0.15)) (justify mirror))
    )
    (fp_line (start -1 -0.6) (end -1 0.6) (layer B.Fab) (width 0.1))
    (fp_line (start -1 0.6) (end 1 0.6) (layer B.Fab) (width 0.1))
    (fp_line (start 1 0.6) (end 1 -0.6) (layer B.Fab) (width 0.1))
    (fp_line (start 1 -0.6) (end -1 -0.6) (layer B.Fab) (width 0.1))
    (fp_line (start -0.258578 0.71) (end 0.258578 0.71) (layer B.SilkS) (width 0.12))
    (fp_line (start -0.258578 -0.71) (end 0.258578 -0.71) (layer B.SilkS) (width 0.12))
    (fp_line (start -1.68 -0.95) (end -1.68 0.95) (layer B.CrtYd) (width 0.05))
    (fp_line (start -1.68 0.95) (end 1.68 0.95) (layer B.CrtYd) (width 0.05))
    (fp_line (start 1.68 0.95) (end 1.68 -0.95) (layer B.CrtYd) (width 0.05))
    (fp_line (start 1.68 -0.95) (end -1.68 -0.95) (layer B.CrtYd) (width 0.05))
    (fp_text user %R (at 0 0) (layer B.Fab)
      (effects (font (size 0.5 0.5) (thickness 0.08)) (justify mirror))
    )
    (pad 1 smd roundrect (at -0.9375 0) (size 0.975 1.4) (layers B.Cu B.Paste B.Mask) (roundrect_rratio 0.25)
      (net 9 "Net-(R3-Pad1)"))
    (pad 2 smd roundrect (at 0.9375 0) (size 0.975 1.4) (layers B.Cu B.Paste B.Mask) (roundrect_rratio 0.25)
      (net 10 "Net-(R3-Pad2)"))
    (model ${KISYS3DMOD}/Resistor_SMD.3dshapes/R_0805_2012Metric.wrl
      (at (xyz 0 0 0))
      (scale (xyz 1 1 1))
      (rotate (xyz 0 0 0))
    )
  )

  (module Resistor_SMD:R_0805_2012Metric (layer B.Cu) (tedit 5B36C52B) (tstamp 5BD32616)
    (at 152.239274 67.017162)
    (descr "Resistor SMD 0805 (2012 Metric), square (rectangular) end terminal, IPC_7351 nominal, (Body size source: https://docs.google.com/spreadsheets/d/1BsfQQcO9C6DZCsRaXUlFlo91Tg2WpOkGARC1WS5S8t0/edit?usp=sharing), generated with kicad-footprint-generator")
    (tags resistor)
    (path /5BBA66AE)
    (attr smd)
    (fp_text reference R4 (at 0 1.65) (layer B.SilkS)
      (effects (font (size 1 1) (thickness 0.15)) (justify mirror))
    )
    (fp_text value R (at 0 -1.65) (layer B.Fab)
      (effects (font (size 1 1) (thickness 0.15)) (justify mirror))
    )
    (fp_text user %R (at 0 0) (layer B.Fab)
      (effects (font (size 0.5 0.5) (thickness 0.08)) (justify mirror))
    )
    (fp_line (start 1.68 -0.95) (end -1.68 -0.95) (layer B.CrtYd) (width 0.05))
    (fp_line (start 1.68 0.95) (end 1.68 -0.95) (layer B.CrtYd) (width 0.05))
    (fp_line (start -1.68 0.95) (end 1.68 0.95) (layer B.CrtYd) (width 0.05))
    (fp_line (start -1.68 -0.95) (end -1.68 0.95) (layer B.CrtYd) (width 0.05))
    (fp_line (start -0.258578 -0.71) (end 0.258578 -0.71) (layer B.SilkS) (width 0.12))
    (fp_line (start -0.258578 0.71) (end 0.258578 0.71) (layer B.SilkS) (width 0.12))
    (fp_line (start 1 -0.6) (end -1 -0.6) (layer B.Fab) (width 0.1))
    (fp_line (start 1 0.6) (end 1 -0.6) (layer B.Fab) (width 0.1))
    (fp_line (start -1 0.6) (end 1 0.6) (layer B.Fab) (width 0.1))
    (fp_line (start -1 -0.6) (end -1 0.6) (layer B.Fab) (width 0.1))
    (pad 2 smd roundrect (at 0.9375 0) (size 0.975 1.4) (layers B.Cu B.Paste B.Mask) (roundrect_rratio 0.25)
      (net 11 "Net-(R4-Pad2)"))
    (pad 1 smd roundrect (at -0.9375 0) (size 0.975 1.4) (layers B.Cu B.Paste B.Mask) (roundrect_rratio 0.25)
      (net 12 "Net-(R4-Pad1)"))
    (model ${KISYS3DMOD}/Resistor_SMD.3dshapes/R_0805_2012Metric.wrl
      (at (xyz 0 0 0))
      (scale (xyz 1 1 1))
      (rotate (xyz 0 0 0))
    )
  )

  (module Resistor_SMD:R_0805_2012Metric (layer B.Cu) (tedit 5B36C52B) (tstamp 5BD32627)
    (at 155.649274 67.017162)
    (descr "Resistor SMD 0805 (2012 Metric), square (rectangular) end terminal, IPC_7351 nominal, (Body size source: https://docs.google.com/spreadsheets/d/1BsfQQcO9C6DZCsRaXUlFlo91Tg2WpOkGARC1WS5S8t0/edit?usp=sharing), generated with kicad-footprint-generator")
    (tags resistor)
    (path /5BBA6760)
    (attr smd)
    (fp_text reference R5 (at 0 1.65) (layer B.SilkS)
      (effects (font (size 1 1) (thickness 0.15)) (justify mirror))
    )
    (fp_text value R (at 0 -1.65) (layer B.Fab)
      (effects (font (size 1 1) (thickness 0.15)) (justify mirror))
    )
    (fp_line (start -1 -0.6) (end -1 0.6) (layer B.Fab) (width 0.1))
    (fp_line (start -1 0.6) (end 1 0.6) (layer B.Fab) (width 0.1))
    (fp_line (start 1 0.6) (end 1 -0.6) (layer B.Fab) (width 0.1))
    (fp_line (start 1 -0.6) (end -1 -0.6) (layer B.Fab) (width 0.1))
    (fp_line (start -0.258578 0.71) (end 0.258578 0.71) (layer B.SilkS) (width 0.12))
    (fp_line (start -0.258578 -0.71) (end 0.258578 -0.71) (layer B.SilkS) (width 0.12))
    (fp_line (start -1.68 -0.95) (end -1.68 0.95) (layer B.CrtYd) (width 0.05))
    (fp_line (start -1.68 0.95) (end 1.68 0.95) (layer B.CrtYd) (width 0.05))
    (fp_line (start 1.68 0.95) (end 1.68 -0.95) (layer B.CrtYd) (width 0.05))
    (fp_line (start 1.68 -0.95) (end -1.68 -0.95) (layer B.CrtYd) (width 0.05))
    (fp_text user %R (at 0 0) (layer B.Fab)
      (effects (font (size 0.5 0.5) (thickness 0.08)) (justify mirror))
    )
    (pad 1 smd roundrect (at -0.9375 0) (size 0.975 1.4) (layers B.Cu B.Paste B.Mask) (roundrect_rratio 0.25)
      (net 13 "Net-(R5-Pad1)"))
    (pad 2 smd roundrect (at 0.9375 0) (size 0.975 1.4) (layers B.Cu B.Paste B.Mask) (roundrect_rratio 0.25)
      (net 14 "Net-(R5-Pad2)"))
    (model ${KISYS3DMOD}/Resistor_SMD.3dshapes/R_0805_2012Metric.wrl
      (at (xyz 0 0 0))
      (scale (xyz 1 1 1))
      (rotate (xyz 0 0 0))
    )
  )

  (module Resistor_SMD:R_0805_2012Metric (layer B.Cu) (tedit 5B36C52B) (tstamp 5BD32638)
    (at 159.059274 67.017162)
    (descr "Resistor SMD 0805 (2012 Metric), square (rectangular) end terminal, IPC_7351 nominal, (Body size source: https://docs.google.com/spreadsheets/d/1BsfQQcO9C6DZCsRaXUlFlo91Tg2WpOkGARC1WS5S8t0/edit?usp=sharing), generated with kicad-footprint-generator")
    (tags resistor)
    (path /5BBA67C5)
    (attr smd)
    (fp_text reference R6 (at 0 1.65) (layer B.SilkS)
      (effects (font (size 1 1) (thickness 0.15)) (justify mirror))
    )
    (fp_text value R (at 0 -1.65) (layer B.Fab)
      (effects (font (size 1 1) (thickness 0.15)) (justify mirror))
    )
    (fp_text user %R (at 0 0) (layer B.Fab)
      (effects (font (size 0.5 0.5) (thickness 0.08)) (justify mirror))
    )
    (fp_line (start 1.68 -0.95) (end -1.68 -0.95) (layer B.CrtYd) (width 0.05))
    (fp_line (start 1.68 0.95) (end 1.68 -0.95) (layer B.CrtYd) (width 0.05))
    (fp_line (start -1.68 0.95) (end 1.68 0.95) (layer B.CrtYd) (width 0.05))
    (fp_line (start -1.68 -0.95) (end -1.68 0.95) (layer B.CrtYd) (width 0.05))
    (fp_line (start -0.258578 -0.71) (end 0.258578 -0.71) (layer B.SilkS) (width 0.12))
    (fp_line (start -0.258578 0.71) (end 0.258578 0.71) (layer B.SilkS) (width 0.12))
    (fp_line (start 1 -0.6) (end -1 -0.6) (layer B.Fab) (width 0.1))
    (fp_line (start 1 0.6) (end 1 -0.6) (layer B.Fab) (width 0.1))
    (fp_line (start -1 0.6) (end 1 0.6) (layer B.Fab) (width 0.1))
    (fp_line (start -1 -0.6) (end -1 0.6) (layer B.Fab) (width 0.1))
    (pad 2 smd roundrect (at 0.9375 0) (size 0.975 1.4) (layers B.Cu B.Paste B.Mask) (roundrect_rratio 0.25)
      (net 15 "Net-(R6-Pad2)"))
    (pad 1 smd roundrect (at -0.9375 0) (size 0.975 1.4) (layers B.Cu B.Paste B.Mask) (roundrect_rratio 0.25)
      (net 16 "Net-(R6-Pad1)"))
    (model ${KISYS3DMOD}/Resistor_SMD.3dshapes/R_0805_2012Metric.wrl
      (at (xyz 0 0 0))
      (scale (xyz 1 1 1))
      (rotate (xyz 0 0 0))
    )
  )

  (module Resistor_SMD:R_0805_2012Metric (layer B.Cu) (tedit 5B36C52B) (tstamp 5BD32649)
    (at 142.009274 65.067162)
    (descr "Resistor SMD 0805 (2012 Metric), square (rectangular) end terminal, IPC_7351 nominal, (Body size source: https://docs.google.com/spreadsheets/d/1BsfQQcO9C6DZCsRaXUlFlo91Tg2WpOkGARC1WS5S8t0/edit?usp=sharing), generated with kicad-footprint-generator")
    (tags resistor)
    (path /5BBA6863)
    (attr smd)
    (fp_text reference R7 (at 0 1.65) (layer B.SilkS)
      (effects (font (size 1 1) (thickness 0.15)) (justify mirror))
    )
    (fp_text value R (at 0 -1.65) (layer B.Fab)
      (effects (font (size 1 1) (thickness 0.15)) (justify mirror))
    )
    (fp_line (start -1 -0.6) (end -1 0.6) (layer B.Fab) (width 0.1))
    (fp_line (start -1 0.6) (end 1 0.6) (layer B.Fab) (width 0.1))
    (fp_line (start 1 0.6) (end 1 -0.6) (layer B.Fab) (width 0.1))
    (fp_line (start 1 -0.6) (end -1 -0.6) (layer B.Fab) (width 0.1))
    (fp_line (start -0.258578 0.71) (end 0.258578 0.71) (layer B.SilkS) (width 0.12))
    (fp_line (start -0.258578 -0.71) (end 0.258578 -0.71) (layer B.SilkS) (width 0.12))
    (fp_line (start -1.68 -0.95) (end -1.68 0.95) (layer B.CrtYd) (width 0.05))
    (fp_line (start -1.68 0.95) (end 1.68 0.95) (layer B.CrtYd) (width 0.05))
    (fp_line (start 1.68 0.95) (end 1.68 -0.95) (layer B.CrtYd) (width 0.05))
    (fp_line (start 1.68 -0.95) (end -1.68 -0.95) (layer B.CrtYd) (width 0.05))
    (fp_text user %R (at 0 0) (layer B.Fab)
      (effects (font (size 0.5 0.5) (thickness 0.08)) (justify mirror))
    )
    (pad 1 smd roundrect (at -0.9375 0) (size 0.975 1.4) (layers B.Cu B.Paste B.Mask) (roundrect_rratio 0.25)
      (net 17 "Net-(R7-Pad1)"))
    (pad 2 smd roundrect (at 0.9375 0) (size 0.975 1.4) (layers B.Cu B.Paste B.Mask) (roundrect_rratio 0.25)
      (net 18 "Net-(R7-Pad2)"))
    (model ${KISYS3DMOD}/Resistor_SMD.3dshapes/R_0805_2012Metric.wrl
      (at (xyz 0 0 0))
      (scale (xyz 1 1 1))
      (rotate (xyz 0 0 0))
    )
  )

  (module Resistor_SMD:R_0805_2012Metric (layer B.Cu) (tedit 5B36C52B) (tstamp 5BD3265A)
    (at 145.419274 65.067162)
    (descr "Resistor SMD 0805 (2012 Metric), square (rectangular) end terminal, IPC_7351 nominal, (Body size source: https://docs.google.com/spreadsheets/d/1BsfQQcO9C6DZCsRaXUlFlo91Tg2WpOkGARC1WS5S8t0/edit?usp=sharing), generated with kicad-footprint-generator")
    (tags resistor)
    (path /5BBA68D3)
    (attr smd)
    (fp_text reference R8 (at 0 1.65) (layer B.SilkS)
      (effects (font (size 1 1) (thickness 0.15)) (justify mirror))
    )
    (fp_text value R (at 0 -1.65) (layer B.Fab)
      (effects (font (size 1 1) (thickness 0.15)) (justify mirror))
    )
    (fp_text user %R (at 0 0) (layer B.Fab)
      (effects (font (size 0.5 0.5) (thickness 0.08)) (justify mirror))
    )
    (fp_line (start 1.68 -0.95) (end -1.68 -0.95) (layer B.CrtYd) (width 0.05))
    (fp_line (start 1.68 0.95) (end 1.68 -0.95) (layer B.CrtYd) (width 0.05))
    (fp_line (start -1.68 0.95) (end 1.68 0.95) (layer B.CrtYd) (width 0.05))
    (fp_line (start -1.68 -0.95) (end -1.68 0.95) (layer B.CrtYd) (width 0.05))
    (fp_line (start -0.258578 -0.71) (end 0.258578 -0.71) (layer B.SilkS) (width 0.12))
    (fp_line (start -0.258578 0.71) (end 0.258578 0.71) (layer B.SilkS) (width 0.12))
    (fp_line (start 1 -0.6) (end -1 -0.6) (layer B.Fab) (width 0.1))
    (fp_line (start 1 0.6) (end 1 -0.6) (layer B.Fab) (width 0.1))
    (fp_line (start -1 0.6) (end 1 0.6) (layer B.Fab) (width 0.1))
    (fp_line (start -1 -0.6) (end -1 0.6) (layer B.Fab) (width 0.1))
    (pad 2 smd roundrect (at 0.9375 0) (size 0.975 1.4) (layers B.Cu B.Paste B.Mask) (roundrect_rratio 0.25)
      (net 19 "Net-(R8-Pad2)"))
    (pad 1 smd roundrect (at -0.9375 0) (size 0.975 1.4) (layers B.Cu B.Paste B.Mask) (roundrect_rratio 0.25)
      (net 20 "Net-(R8-Pad1)"))
    (model ${KISYS3DMOD}/Resistor_SMD.3dshapes/R_0805_2012Metric.wrl
      (at (xyz 0 0 0))
      (scale (xyz 1 1 1))
      (rotate (xyz 0 0 0))
    )
  )

  (module Resistor_SMD:R_0805_2012Metric (layer B.Cu) (tedit 5B36C52B) (tstamp 5BD3266B)
    (at 148.829274 65.067162)
    (descr "Resistor SMD 0805 (2012 Metric), square (rectangular) end terminal, IPC_7351 nominal, (Body size source: https://docs.google.com/spreadsheets/d/1BsfQQcO9C6DZCsRaXUlFlo91Tg2WpOkGARC1WS5S8t0/edit?usp=sharing), generated with kicad-footprint-generator")
    (tags resistor)
    (path /5BBC6560)
    (attr smd)
    (fp_text reference R9 (at 0 1.65) (layer B.SilkS)
      (effects (font (size 1 1) (thickness 0.15)) (justify mirror))
    )
    (fp_text value R (at 0 -1.65) (layer B.Fab)
      (effects (font (size 1 1) (thickness 0.15)) (justify mirror))
    )
    (fp_line (start -1 -0.6) (end -1 0.6) (layer B.Fab) (width 0.1))
    (fp_line (start -1 0.6) (end 1 0.6) (layer B.Fab) (width 0.1))
    (fp_line (start 1 0.6) (end 1 -0.6) (layer B.Fab) (width 0.1))
    (fp_line (start 1 -0.6) (end -1 -0.6) (layer B.Fab) (width 0.1))
    (fp_line (start -0.258578 0.71) (end 0.258578 0.71) (layer B.SilkS) (width 0.12))
    (fp_line (start -0.258578 -0.71) (end 0.258578 -0.71) (layer B.SilkS) (width 0.12))
    (fp_line (start -1.68 -0.95) (end -1.68 0.95) (layer B.CrtYd) (width 0.05))
    (fp_line (start -1.68 0.95) (end 1.68 0.95) (layer B.CrtYd) (width 0.05))
    (fp_line (start 1.68 0.95) (end 1.68 -0.95) (layer B.CrtYd) (width 0.05))
    (fp_line (start 1.68 -0.95) (end -1.68 -0.95) (layer B.CrtYd) (width 0.05))
    (fp_text user %R (at 0 0) (layer B.Fab)
      (effects (font (size 0.5 0.5) (thickness 0.08)) (justify mirror))
    )
    (pad 1 smd roundrect (at -0.9375 0) (size 0.975 1.4) (layers B.Cu B.Paste B.Mask) (roundrect_rratio 0.25)
      (net 21 +5V))
    (pad 2 smd roundrect (at 0.9375 0) (size 0.975 1.4) (layers B.Cu B.Paste B.Mask) (roundrect_rratio 0.25)
      (net 22 "Net-(R9-Pad2)"))
    (model ${KISYS3DMOD}/Resistor_SMD.3dshapes/R_0805_2012Metric.wrl
      (at (xyz 0 0 0))
      (scale (xyz 1 1 1))
      (rotate (xyz 0 0 0))
    )
  )

  (module Button_Switch_Keyboard:Pulsador (layer B.Cu) (tedit 5BB3EF52) (tstamp 5BD32683)
    (at 136.079274 64.507162)
    (path /5BBC65FD)
    (fp_text reference Sw1 (at 0 -4.5) (layer B.SilkS)
      (effects (font (size 1 1) (thickness 0.17)) (justify mirror))
    )
    (fp_text value Pulsador (at 0.02 4.41) (layer B.Fab)
      (effects (font (size 1 1) (thickness 0.17)) (justify mirror))
    )
    (fp_line (start -3.36 -3.36) (end -3.36 3.36) (layer B.SilkS) (width 0.2))
    (fp_circle (center 0 0) (end 2.5 0) (layer B.SilkS) (width 0.2))
    (fp_line (start -3.36 3.36) (end 3.36 3.36) (layer B.SilkS) (width 0.2))
    (fp_line (start 3.36 3.36) (end 3.36 -3.36) (layer B.SilkS) (width 0.2))
    (fp_line (start 3.36 -3.36) (end -3.36 -3.36) (layer B.SilkS) (width 0.2))
    (fp_line (start -3 -3) (end 3 -3) (layer B.Fab) (width 0.12))
    (fp_line (start 3 -3) (end 3 3) (layer B.Fab) (width 0.12))
    (fp_line (start 3 3) (end -3 3) (layer B.Fab) (width 0.12))
    (fp_line (start -3 3) (end -3 -3) (layer B.Fab) (width 0.12))
    (fp_line (start 0.01 3.35) (end -0.45 2.91) (layer B.SilkS) (width 0.2))
    (fp_line (start -0.45 2.91) (end 0.36 2.92) (layer B.SilkS) (width 0.2))
    (fp_line (start 0.36 2.92) (end -0.02 3.33) (layer B.SilkS) (width 0.2))
    (fp_line (start -4.2 3.46) (end 4.2 3.46) (layer B.CrtYd) (width 0.05))
    (fp_line (start 4.2 3.46) (end 4.2 -3.46) (layer B.CrtYd) (width 0.05))
    (fp_line (start 4.2 -3.46) (end -4.2 -3.46) (layer B.CrtYd) (width 0.05))
    (fp_line (start -4.2 -3.46) (end -4.2 3.46) (layer B.CrtYd) (width 0.05))
    (pad 1 thru_hole circle (at -3.25 2.25) (size 1.524 1.524) (drill 0.762) (layers *.Cu *.Mask)
      (net 22 "Net-(R9-Pad2)"))
    (pad 1 thru_hole circle (at 3.25 2.25) (size 1.524 1.524) (drill 0.762) (layers *.Cu *.Mask)
      (net 22 "Net-(R9-Pad2)"))
    (pad 2 thru_hole circle (at 3.25 -2.25) (size 1.524 1.524) (drill 0.762) (layers *.Cu *.Mask)
      (net 23 GND))
    (pad 2 thru_hole circle (at -3.25 -2.25) (size 1.524 1.524) (drill 0.762) (layers *.Cu *.Mask)
      (net 23 GND))
    (model :Mis3D:TOPPUSH.wrl
      (offset (xyz 0 0 -2.8))
      (scale (xyz 0.3937 0.3937 0.3937))
      (rotate (xyz 0 0 90))
    )
  )

  (module Display_7Segment:7segdisp8.0in4Dig (layer F.Cu) (tedit 5BBACCE9) (tstamp 5BD326B6)
    (at 145 65)
    (descr "7 segments display, SA05 series")
    (tags display)
    (path /5BBA6414)
    (fp_text reference U1 (at 0 -11) (layer F.SilkS)
      (effects (font (size 1.5 1.5) (thickness 0.3)))
    )
    (fp_text value CC56-12EWA (at 0 11) (layer F.SilkS)
      (effects (font (size 1.5 1.5) (thickness 0.3)))
    )
    (fp_circle (center -0.3048 5.5118) (end -0.0508 5.2578) (layer F.SilkS) (width 1.00076))
    (fp_line (start -0.6858 -6.0452) (end -8.3058 -6.0452) (layer F.SilkS) (width 1.39954))
    (fp_line (start -2.2098 5.6388) (end -0.6858 -6.0452) (layer F.SilkS) (width 1.39954))
    (fp_line (start -9.8298 5.6388) (end -2.2098 5.6388) (layer F.SilkS) (width 1.39954))
    (fp_line (start -8.3058 -6.0452) (end -9.8298 5.6388) (layer F.SilkS) (width 1.39954))
    (fp_line (start -1.4478 -0.2032) (end -9.0678 -0.2032) (layer F.SilkS) (width 1.39954))
    (fp_line (start -35.8 12.85) (end 35.8 12.85) (layer F.CrtYd) (width 0.05))
    (fp_line (start 35.8 12.85) (end 35.8 -12.85) (layer F.CrtYd) (width 0.05))
    (fp_line (start 35.8 -12.85) (end -35.8 -12.85) (layer F.CrtYd) (width 0.05))
    (fp_line (start -35.8 -12.85) (end -35.8 12.85) (layer F.CrtYd) (width 0.05))
    (fp_line (start 10.5283 5.6007) (end 12.0523 -6.0833) (layer F.SilkS) (width 1.39954))
    (fp_line (start 4.4323 -6.0833) (end 2.9083 5.6007) (layer F.SilkS) (width 1.39954))
    (fp_line (start 11.2903 -0.2413) (end 3.6703 -0.2413) (layer F.SilkS) (width 1.39954))
    (fp_line (start 2.9083 5.6007) (end 10.5283 5.6007) (layer F.SilkS) (width 1.39954))
    (fp_circle (center 12.4333 5.4737) (end 12.6873 5.2197) (layer F.SilkS) (width 1.00076))
    (fp_line (start 12.0523 -6.0833) (end 4.4323 -6.0833) (layer F.SilkS) (width 1.39954))
    (fp_line (start 17.145 -6.0833) (end 15.621 5.6007) (layer F.SilkS) (width 1.39954))
    (fp_line (start 23.241 5.6007) (end 24.765 -6.0833) (layer F.SilkS) (width 1.39954))
    (fp_line (start 24.003 -0.2413) (end 16.383 -0.2413) (layer F.SilkS) (width 1.39954))
    (fp_line (start 15.621 5.6007) (end 23.241 5.6007) (layer F.SilkS) (width 1.39954))
    (fp_line (start 26.543 -9.7663) (end 26.543 9.2837) (layer F.SilkS) (width 0.32258))
    (fp_circle (center 25.146 5.4737) (end 25.4 5.2197) (layer F.SilkS) (width 1.00076))
    (fp_line (start 24.765 -6.0833) (end 17.145 -6.0833) (layer F.SilkS) (width 1.39954))
    (fp_line (start -23.4061 9.3218) (end -24.2951 8.4328) (layer F.SilkS) (width 0.3048))
    (fp_circle (center -12.9921 5.5118) (end -12.7381 5.2578) (layer F.SilkS) (width 1.00076))
    (fp_line (start -13.3731 -6.0452) (end -20.9931 -6.0452) (layer F.SilkS) (width 1.39954))
    (fp_line (start 26.543 -9.7282) (end -24.2951 -9.7282) (layer F.SilkS) (width 0.32258))
    (fp_line (start -24.2951 9.3218) (end 26.543 9.3218) (layer F.SilkS) (width 0.32258))
    (fp_line (start -23.7871 9.3218) (end -24.2951 8.8138) (layer F.SilkS) (width 0.3048))
    (fp_line (start -23.0251 9.3218) (end -24.2951 8.0518) (layer F.SilkS) (width 0.3048))
    (fp_line (start -14.8971 5.6388) (end -13.3731 -6.0452) (layer F.SilkS) (width 1.39954))
    (fp_line (start -22.5171 5.6388) (end -14.8971 5.6388) (layer F.SilkS) (width 1.39954))
    (fp_line (start -20.9931 -6.0452) (end -22.5171 5.6388) (layer F.SilkS) (width 1.39954))
    (fp_line (start -14.1351 -0.2032) (end -21.7551 -0.2032) (layer F.SilkS) (width 1.39954))
    (fp_line (start -24.2951 9.3218) (end -24.2951 -9.7282) (layer F.SilkS) (width 0.32258))
    (pad 10 thru_hole oval (at -1.27 -11 90) (size 2.19964 1.50114) (drill 0.8001) (layers *.Cu *.Mask F.SilkS)
      (net 16 "Net-(R6-Pad1)"))
    (pad 9 thru_hole oval (at 1.27 -11 90) (size 2.19964 1.50114) (drill 0.8001) (layers *.Cu *.Mask F.SilkS)
      (net 1 "Net-(U1-Pad9)"))
    (pad 8 thru_hole oval (at 3.81 -11 90) (size 2.19964 1.50114) (drill 0.8001) (layers *.Cu *.Mask F.SilkS)
      (net 2 "Net-(U1-Pad8)"))
    (pad 7 thru_hole oval (at 6.35 -11 90) (size 2.19964 1.50114) (drill 0.8001) (layers *.Cu *.Mask F.SilkS)
      (net 8 "Net-(R2-Pad1)"))
    (pad 6 thru_hole oval (at 6.35 11 90) (size 2.19964 1.50114) (drill 0.8001) (layers *.Cu *.Mask F.SilkS)
      (net 3 "Net-(U1-Pad6)"))
    (pad 5 thru_hole oval (at 3.81 11 90) (size 2.19964 1.50114) (drill 0.8001) (layers *.Cu *.Mask F.SilkS)
      (net 17 "Net-(R7-Pad1)"))
    (pad 4 thru_hole oval (at 1.27 11 90) (size 2.19964 1.50114) (drill 0.8001) (layers *.Cu *.Mask F.SilkS)
      (net 9 "Net-(R3-Pad1)"))
    (pad 3 thru_hole oval (at -1.27 11 90) (size 2.19964 1.50114) (drill 0.8001) (layers *.Cu *.Mask F.SilkS)
      (net 20 "Net-(R8-Pad1)"))
    (pad 2 thru_hole oval (at -3.81 11 90) (size 2.19964 1.50114) (drill 0.8001) (layers *.Cu *.Mask F.SilkS)
      (net 12 "Net-(R4-Pad1)"))
    (pad 1 thru_hole rect (at -6.35 11 90) (size 2.19964 1.50114) (drill 0.8001) (layers *.Cu *.Mask F.SilkS)
      (net 13 "Net-(R5-Pad1)"))
    (pad 11 thru_hole oval (at -6.35 -11 90) (size 2.19964 1.50114) (drill 0.8001) (layers *.Cu *.Mask F.SilkS)
      (net 5 "Net-(R1-Pad1)"))
    (pad 12 thru_hole oval (at -3.81 -11 90) (size 2.19964 1.50114) (drill 0.8001) (layers *.Cu *.Mask F.SilkS)
      (net 4 "Net-(U1-Pad12)"))
    (model ${KISYS3DMOD}/Display_7Segment.3dshapes/7seg0.8inDig4.wrl
      (at (xyz 0 0 0))
      (scale (xyz 0.3937 0.3937 0.3937))
      (rotate (xyz 0 0 0))
    )
  )

  (module Package_QFP:TQFP-32_7x7mm_P0.8mm (layer B.Cu) (tedit 5A02F146) (tstamp 5BD326ED)
    (at 117.979274 62.667162)
    (descr "32-Lead Plastic Thin Quad Flatpack (PT) - 7x7x1.0 mm Body, 2.00 mm [TQFP] (see Microchip Packaging Specification 00000049BS.pdf)")
    (tags "QFP 0.8")
    (path /5BBA783F)
    (attr smd)
    (fp_text reference U2 (at 0 6.05) (layer B.SilkS)
      (effects (font (size 1 1) (thickness 0.15)) (justify mirror))
    )
    (fp_text value ATmega328-AU (at 0 -6.05) (layer B.Fab)
      (effects (font (size 1 1) (thickness 0.15)) (justify mirror))
    )
    (fp_text user %R (at 0 0) (layer B.Fab)
      (effects (font (size 1 1) (thickness 0.15)) (justify mirror))
    )
    (fp_line (start -2.5 3.5) (end 3.5 3.5) (layer B.Fab) (width 0.15))
    (fp_line (start 3.5 3.5) (end 3.5 -3.5) (layer B.Fab) (width 0.15))
    (fp_line (start 3.5 -3.5) (end -3.5 -3.5) (layer B.Fab) (width 0.15))
    (fp_line (start -3.5 -3.5) (end -3.5 2.5) (layer B.Fab) (width 0.15))
    (fp_line (start -3.5 2.5) (end -2.5 3.5) (layer B.Fab) (width 0.15))
    (fp_line (start -5.3 5.3) (end -5.3 -5.3) (layer B.CrtYd) (width 0.05))
    (fp_line (start 5.3 5.3) (end 5.3 -5.3) (layer B.CrtYd) (width 0.05))
    (fp_line (start -5.3 5.3) (end 5.3 5.3) (layer B.CrtYd) (width 0.05))
    (fp_line (start -5.3 -5.3) (end 5.3 -5.3) (layer B.CrtYd) (width 0.05))
    (fp_line (start -3.625 3.625) (end -3.625 3.4) (layer B.SilkS) (width 0.15))
    (fp_line (start 3.625 3.625) (end 3.625 3.3) (layer B.SilkS) (width 0.15))
    (fp_line (start 3.625 -3.625) (end 3.625 -3.3) (layer B.SilkS) (width 0.15))
    (fp_line (start -3.625 -3.625) (end -3.625 -3.3) (layer B.SilkS) (width 0.15))
    (fp_line (start -3.625 3.625) (end -3.3 3.625) (layer B.SilkS) (width 0.15))
    (fp_line (start -3.625 -3.625) (end -3.3 -3.625) (layer B.SilkS) (width 0.15))
    (fp_line (start 3.625 -3.625) (end 3.3 -3.625) (layer B.SilkS) (width 0.15))
    (fp_line (start 3.625 3.625) (end 3.3 3.625) (layer B.SilkS) (width 0.15))
    (fp_line (start -3.625 3.4) (end -5.05 3.4) (layer B.SilkS) (width 0.15))
    (pad 1 smd rect (at -4.25 2.8) (size 1.6 0.55) (layers B.Cu B.Paste B.Mask)
      (net 11 "Net-(R4-Pad2)"))
    (pad 2 smd rect (at -4.25 2) (size 1.6 0.55) (layers B.Cu B.Paste B.Mask)
      (net 14 "Net-(R5-Pad2)"))
    (pad 3 smd rect (at -4.25 1.2) (size 1.6 0.55) (layers B.Cu B.Paste B.Mask)
      (net 23 GND))
    (pad 4 smd rect (at -4.25 0.4) (size 1.6 0.55) (layers B.Cu B.Paste B.Mask)
      (net 21 +5V))
    (pad 5 smd rect (at -4.25 -0.4) (size 1.6 0.55) (layers B.Cu B.Paste B.Mask)
      (net 23 GND))
    (pad 6 smd rect (at -4.25 -1.2) (size 1.6 0.55) (layers B.Cu B.Paste B.Mask)
      (net 21 +5V))
    (pad 7 smd rect (at -4.25 -2) (size 1.6 0.55) (layers B.Cu B.Paste B.Mask)
      (net 24 "Net-(U2-Pad7)"))
    (pad 8 smd rect (at -4.25 -2.8) (size 1.6 0.55) (layers B.Cu B.Paste B.Mask)
      (net 25 "Net-(U2-Pad8)"))
    (pad 9 smd rect (at -2.8 -4.25 270) (size 1.6 0.55) (layers B.Cu B.Paste B.Mask)
      (net 15 "Net-(R6-Pad2)"))
    (pad 10 smd rect (at -2 -4.25 270) (size 1.6 0.55) (layers B.Cu B.Paste B.Mask)
      (net 18 "Net-(R7-Pad2)"))
    (pad 11 smd rect (at -1.2 -4.25 270) (size 1.6 0.55) (layers B.Cu B.Paste B.Mask)
      (net 19 "Net-(R8-Pad2)"))
    (pad 12 smd rect (at -0.4 -4.25 270) (size 1.6 0.55) (layers B.Cu B.Paste B.Mask)
      (net 4 "Net-(U1-Pad12)"))
    (pad 13 smd rect (at 0.4 -4.25 270) (size 1.6 0.55) (layers B.Cu B.Paste B.Mask)
      (net 1 "Net-(U1-Pad9)"))
    (pad 14 smd rect (at 1.2 -4.25 270) (size 1.6 0.55) (layers B.Cu B.Paste B.Mask)
      (net 2 "Net-(U1-Pad8)"))
    (pad 15 smd rect (at 2 -4.25 270) (size 1.6 0.55) (layers B.Cu B.Paste B.Mask)
      (net 3 "Net-(U1-Pad6)"))
    (pad 16 smd rect (at 2.8 -4.25 270) (size 1.6 0.55) (layers B.Cu B.Paste B.Mask)
      (net 26 "Net-(U2-Pad16)"))
    (pad 17 smd rect (at 4.25 -2.8) (size 1.6 0.55) (layers B.Cu B.Paste B.Mask)
      (net 27 "Net-(U2-Pad17)"))
    (pad 18 smd rect (at 4.25 -2) (size 1.6 0.55) (layers B.Cu B.Paste B.Mask)
      (net 28 "Net-(U2-Pad18)"))
    (pad 19 smd rect (at 4.25 -1.2) (size 1.6 0.55) (layers B.Cu B.Paste B.Mask)
      (net 29 "Net-(U2-Pad19)"))
    (pad 20 smd rect (at 4.25 -0.4) (size 1.6 0.55) (layers B.Cu B.Paste B.Mask)
      (net 30 "Net-(U2-Pad20)"))
    (pad 21 smd rect (at 4.25 0.4) (size 1.6 0.55) (layers B.Cu B.Paste B.Mask)
      (net 23 GND))
    (pad 22 smd rect (at 4.25 1.2) (size 1.6 0.55) (layers B.Cu B.Paste B.Mask)
      (net 31 "Net-(U2-Pad22)"))
    (pad 23 smd rect (at 4.25 2) (size 1.6 0.55) (layers B.Cu B.Paste B.Mask)
      (net 32 "Net-(U2-Pad23)"))
    (pad 24 smd rect (at 4.25 2.8) (size 1.6 0.55) (layers B.Cu B.Paste B.Mask)
      (net 33 "Net-(U2-Pad24)"))
    (pad 25 smd rect (at 2.8 4.25 270) (size 1.6 0.55) (layers B.Cu B.Paste B.Mask)
      (net 34 "Net-(U2-Pad25)"))
    (pad 26 smd rect (at 2 4.25 270) (size 1.6 0.55) (layers B.Cu B.Paste B.Mask)
      (net 35 "Net-(U2-Pad26)"))
    (pad 27 smd rect (at 1.2 4.25 270) (size 1.6 0.55) (layers B.Cu B.Paste B.Mask)
      (net 36 "Net-(U2-Pad27)"))
    (pad 28 smd rect (at 0.4 4.25 270) (size 1.6 0.55) (layers B.Cu B.Paste B.Mask)
      (net 37 "Net-(U2-Pad28)"))
    (pad 29 smd rect (at -0.4 4.25 270) (size 1.6 0.55) (layers B.Cu B.Paste B.Mask)
      (net 22 "Net-(R9-Pad2)"))
    (pad 30 smd rect (at -1.2 4.25 270) (size 1.6 0.55) (layers B.Cu B.Paste B.Mask)
      (net 6 "Net-(R1-Pad2)"))
    (pad 31 smd rect (at -2 4.25 270) (size 1.6 0.55) (layers B.Cu B.Paste B.Mask)
      (net 7 "Net-(R2-Pad2)"))
    (pad 32 smd rect (at -2.8 4.25 270) (size 1.6 0.55) (layers B.Cu B.Paste B.Mask)
      (net 10 "Net-(R3-Pad2)"))
    (model ${KISYS3DMOD}/Package_QFP.3dshapes/TQFP-32_7x7mm_P0.8mm.wrl
      (at (xyz 0 0 0))
      (scale (xyz 1 1 1))
      (rotate (xyz 0 0 0))
    )
  )

  (gr_line (start 100 50) (end 190 50) (layer Edge.Cuts) (width 0.15))
  (gr_line (start 100 80) (end 190 80) (layer F.SilkS) (width 0.2))
  (gr_line (start 100 80) (end 190 80) (layer B.SilkS) (width 0.2))
  (gr_line (start 100 50) (end 100 140) (layer Edge.Cuts) (width 0.15))
  (gr_line (start 190 50) (end 190 140) (layer Edge.Cuts) (width 0.15))
  (gr_line (start 100 140) (end 190 140) (layer Edge.Cuts) (width 0.15))

)
