(kicad_pcb (version 20171130) (host pcbnew "(5.0.0)")

  (general
    (thickness 1.6)
    (drawings 4)
    (tracks 126)
    (zones 0)
    (modules 17)
    (nets 11)
  )

  (page A4)
  (layers
    (0 F.Cu signal)
    (31 B.Cu signal)
    (32 B.Adhes user hide)
    (33 F.Adhes user hide)
    (34 B.Paste user hide)
    (35 F.Paste user hide)
    (36 B.SilkS user hide)
    (37 F.SilkS user)
    (38 B.Mask user hide)
    (39 F.Mask user hide)
    (40 Dwgs.User user hide)
    (41 Cmts.User user hide)
    (42 Eco1.User user hide)
    (43 Eco2.User user hide)
    (44 Edge.Cuts user hide)
    (45 Margin user hide)
    (46 B.CrtYd user hide)
    (47 F.CrtYd user hide)
    (48 B.Fab user hide)
    (49 F.Fab user hide)
  )

  (setup
    (last_trace_width 0.5)
    (trace_clearance 0.2)
    (zone_clearance 0.508)
    (zone_45_only no)
    (trace_min 0.2)
    (segment_width 0.2)
    (edge_width 0.15)
    (via_size 0.8)
    (via_drill 0.4)
    (via_min_size 0.4)
    (via_min_drill 0.3)
    (uvia_size 0.3)
    (uvia_drill 0.1)
    (uvias_allowed no)
    (uvia_min_size 0.2)
    (uvia_min_drill 0.1)
    (pcb_text_width 0.3)
    (pcb_text_size 1.5 1.5)
    (mod_edge_width 0.15)
    (mod_text_size 1 1)
    (mod_text_width 0.15)
    (pad_size 1.524 1.524)
    (pad_drill 0.762)
    (pad_to_mask_clearance 0.2)
    (aux_axis_origin 0 0)
    (visible_elements 7FFFFFFF)
    (pcbplotparams
      (layerselection 0x010fc_ffffffff)
      (usegerberextensions false)
      (usegerberattributes false)
      (usegerberadvancedattributes false)
      (creategerberjobfile false)
      (excludeedgelayer true)
      (linewidth 0.100000)
      (plotframeref false)
      (viasonmask false)
      (mode 1)
      (useauxorigin false)
      (hpglpennumber 1)
      (hpglpenspeed 20)
      (hpglpendiameter 15.000000)
      (psnegative false)
      (psa4output false)
      (plotreference true)
      (plotvalue true)
      (plotinvisibletext false)
      (padsonsilk false)
      (subtractmaskfromsilk false)
      (outputformat 1)
      (mirror false)
      (drillshape 1)
      (scaleselection 1)
      (outputdirectory ""))
  )

  (net 0 "")
  (net 1 "Net-(C1-Pad1)")
  (net 2 GND)
  (net 3 "Net-(C2-Pad1)")
  (net 4 "Net-(C3-Pad1)")
  (net 5 "Net-(D1-Pad2)")
  (net 6 "Net-(D2-Pad1)")
  (net 7 "Net-(J2-Pad2)")
  (net 8 "Net-(Q1-Pad1)")
  (net 9 "Net-(Q1-Pad3)")
  (net 10 "Net-(R2-Pad2)")

  (net_class Default "Esta es la clase de red por defecto."
    (clearance 0.2)
    (trace_width 0.5)
    (via_dia 0.8)
    (via_drill 0.4)
    (uvia_dia 0.3)
    (uvia_drill 0.1)
    (add_net GND)
    (add_net "Net-(C1-Pad1)")
    (add_net "Net-(C2-Pad1)")
    (add_net "Net-(C3-Pad1)")
    (add_net "Net-(D1-Pad2)")
    (add_net "Net-(D2-Pad1)")
    (add_net "Net-(J2-Pad2)")
    (add_net "Net-(Q1-Pad1)")
    (add_net "Net-(Q1-Pad3)")
    (add_net "Net-(R2-Pad2)")
  )

  (module Potentiometer_SMD:Potentiometer_Bourns_3314G_Vertical (layer F.Cu) (tedit 5A81E1D7) (tstamp 5BCD3D2F)
    (at 112.6 108.7)
    (descr "Potentiometer, vertical, Bourns 3314G, http://www.bourns.com/docs/Product-Datasheets/3314.pdf")
    (tags "Potentiometer vertical Bourns 3314G")
    (path /5BB536BE)
    (attr smd)
    (fp_text reference RV1 (at -1 -0.1 90) (layer F.SilkS)
      (effects (font (size 1 1) (thickness 0.15)))
    )
    (fp_text value R_POT (at 0 4.65) (layer F.Fab)
      (effects (font (size 1 1) (thickness 0.15)))
    )
    (fp_circle (center 0 0) (end 1 0) (layer F.Fab) (width 0.1))
    (fp_line (start -2.25 -2.25) (end -2.25 2.25) (layer F.Fab) (width 0.1))
    (fp_line (start -2.25 2.25) (end 2.25 2.25) (layer F.Fab) (width 0.1))
    (fp_line (start 2.25 2.25) (end 2.25 -2.25) (layer F.Fab) (width 0.1))
    (fp_line (start 2.25 -2.25) (end -2.25 -2.25) (layer F.Fab) (width 0.1))
    (fp_line (start 0 0.99) (end 0.001 -0.989) (layer F.Fab) (width 0.1))
    (fp_line (start 0 0.99) (end 0.001 -0.989) (layer F.Fab) (width 0.1))
    (fp_line (start 2.04 -2.37) (end 2.37 -2.37) (layer F.SilkS) (width 0.12))
    (fp_line (start -2.37 -2.37) (end -2.039 -2.37) (layer F.SilkS) (width 0.12))
    (fp_line (start -0.259 -2.37) (end 0.26 -2.37) (layer F.SilkS) (width 0.12))
    (fp_line (start -2.37 2.37) (end -1.24 2.37) (layer F.SilkS) (width 0.12))
    (fp_line (start 1.24 2.37) (end 2.37 2.37) (layer F.SilkS) (width 0.12))
    (fp_line (start -2.37 -2.37) (end -2.37 2.37) (layer F.SilkS) (width 0.12))
    (fp_line (start 2.37 -2.37) (end 2.37 2.37) (layer F.SilkS) (width 0.12))
    (fp_line (start -2.5 -3.65) (end -2.5 3.65) (layer F.CrtYd) (width 0.05))
    (fp_line (start -2.5 3.65) (end 2.5 3.65) (layer F.CrtYd) (width 0.05))
    (fp_line (start 2.5 3.65) (end 2.5 -3.65) (layer F.CrtYd) (width 0.05))
    (fp_line (start 2.5 -3.65) (end -2.5 -3.65) (layer F.CrtYd) (width 0.05))
    (fp_text user %R (at 0 -1.7) (layer F.Fab)
      (effects (font (size 0.63 0.63) (thickness 0.15)))
    )
    (pad 1 smd rect (at 1.15 -2.75) (size 1.3 1.3) (layers F.Cu F.Paste F.Mask)
      (net 4 "Net-(C3-Pad1)"))
    (pad 2 smd rect (at 0 2.75) (size 2 1.3) (layers F.Cu F.Paste F.Mask)
      (net 10 "Net-(R2-Pad2)"))
    (pad 3 smd rect (at -1.15 -2.75) (size 1.3 1.3) (layers F.Cu F.Paste F.Mask)
      (net 2 GND))
    (model ${KISYS3DMOD}/Potentiometer_SMD.3dshapes/Potentiometer_Bourns_3314G_Vertical.wrl
      (at (xyz 0 0 0))
      (scale (xyz 1 1 1))
      (rotate (xyz 0 0 0))
    )
  )

  (module Capacitor_SMD:CP_Elec_6.3x7.7 (layer F.Cu) (tedit 5A841F9D) (tstamp 5BCD3C1B)
    (at 118.6 108.9 270)
    (descr "SMT capacitor, aluminium electrolytic, 6.3x7.7, Nichicon ")
    (tags "Capacitor Electrolytic")
    (path /5BB5248D)
    (attr smd)
    (fp_text reference C2 (at -0.1 2 270) (layer F.SilkS)
      (effects (font (size 1 1) (thickness 0.15)))
    )
    (fp_text value CP (at 0 4.35 270) (layer F.Fab)
      (effects (font (size 1 1) (thickness 0.15)))
    )
    (fp_circle (center 0 0) (end 3.15 0) (layer F.Fab) (width 0.1))
    (fp_line (start 3.3 -3.3) (end 3.3 3.3) (layer F.Fab) (width 0.1))
    (fp_line (start -2.3 -3.3) (end 3.3 -3.3) (layer F.Fab) (width 0.1))
    (fp_line (start -2.3 3.3) (end 3.3 3.3) (layer F.Fab) (width 0.1))
    (fp_line (start -3.3 -2.3) (end -3.3 2.3) (layer F.Fab) (width 0.1))
    (fp_line (start -3.3 -2.3) (end -2.3 -3.3) (layer F.Fab) (width 0.1))
    (fp_line (start -3.3 2.3) (end -2.3 3.3) (layer F.Fab) (width 0.1))
    (fp_line (start -2.704838 -1.33) (end -2.074838 -1.33) (layer F.Fab) (width 0.1))
    (fp_line (start -2.389838 -1.645) (end -2.389838 -1.015) (layer F.Fab) (width 0.1))
    (fp_line (start 3.41 3.41) (end 3.41 1.06) (layer F.SilkS) (width 0.12))
    (fp_line (start 3.41 -3.41) (end 3.41 -1.06) (layer F.SilkS) (width 0.12))
    (fp_line (start -2.345563 -3.41) (end 3.41 -3.41) (layer F.SilkS) (width 0.12))
    (fp_line (start -2.345563 3.41) (end 3.41 3.41) (layer F.SilkS) (width 0.12))
    (fp_line (start -3.41 2.345563) (end -3.41 1.06) (layer F.SilkS) (width 0.12))
    (fp_line (start -3.41 -2.345563) (end -3.41 -1.06) (layer F.SilkS) (width 0.12))
    (fp_line (start -3.41 -2.345563) (end -2.345563 -3.41) (layer F.SilkS) (width 0.12))
    (fp_line (start -3.41 2.345563) (end -2.345563 3.41) (layer F.SilkS) (width 0.12))
    (fp_line (start -4.4375 -1.8475) (end -3.65 -1.8475) (layer F.SilkS) (width 0.12))
    (fp_line (start -4.04375 -2.24125) (end -4.04375 -1.45375) (layer F.SilkS) (width 0.12))
    (fp_line (start 3.55 -3.55) (end 3.55 -1.05) (layer F.CrtYd) (width 0.05))
    (fp_line (start 3.55 -1.05) (end 4.7 -1.05) (layer F.CrtYd) (width 0.05))
    (fp_line (start 4.7 -1.05) (end 4.7 1.05) (layer F.CrtYd) (width 0.05))
    (fp_line (start 4.7 1.05) (end 3.55 1.05) (layer F.CrtYd) (width 0.05))
    (fp_line (start 3.55 1.05) (end 3.55 3.55) (layer F.CrtYd) (width 0.05))
    (fp_line (start -2.4 3.55) (end 3.55 3.55) (layer F.CrtYd) (width 0.05))
    (fp_line (start -2.4 -3.55) (end 3.55 -3.55) (layer F.CrtYd) (width 0.05))
    (fp_line (start -3.55 2.4) (end -2.4 3.55) (layer F.CrtYd) (width 0.05))
    (fp_line (start -3.55 -2.4) (end -2.4 -3.55) (layer F.CrtYd) (width 0.05))
    (fp_line (start -3.55 -2.4) (end -3.55 -1.05) (layer F.CrtYd) (width 0.05))
    (fp_line (start -3.55 1.05) (end -3.55 2.4) (layer F.CrtYd) (width 0.05))
    (fp_line (start -3.55 -1.05) (end -4.7 -1.05) (layer F.CrtYd) (width 0.05))
    (fp_line (start -4.7 -1.05) (end -4.7 1.05) (layer F.CrtYd) (width 0.05))
    (fp_line (start -4.7 1.05) (end -3.55 1.05) (layer F.CrtYd) (width 0.05))
    (fp_text user %R (at 0 0 270) (layer F.Fab)
      (effects (font (size 1 1) (thickness 0.15)))
    )
    (pad 1 smd rect (at -2.7 0 270) (size 3.5 1.6) (layers F.Cu F.Paste F.Mask)
      (net 3 "Net-(C2-Pad1)"))
    (pad 2 smd rect (at 2.7 0 270) (size 3.5 1.6) (layers F.Cu F.Paste F.Mask)
      (net 2 GND))
    (model ${KISYS3DMOD}/Capacitor_SMD.3dshapes/CP_Elec_6.3x7.7.wrl
      (at (xyz 0 0 0))
      (scale (xyz 1 1 1))
      (rotate (xyz 0 0 0))
    )
  )

  (module Connector_JST:JST_EH_B02B-EH-A_1x02_P2.50mm_Vertical (layer F.Cu) (tedit 5A0EB040) (tstamp 5BCD5984)
    (at 125.5 102.9 180)
    (descr "JST EH series connector, B02B-EH-A (http://www.jst-mfg.com/product/pdf/eng/eEH.pdf), generated with kicad-footprint-generator")
    (tags "connector JST EH side entry")
    (path /5BB57F94)
    (fp_text reference J1 (at 1.25 -2.8 180) (layer F.SilkS)
      (effects (font (size 1 1) (thickness 0.15)))
    )
    (fp_text value Conn_01x02_Female (at -1.2 3.9 180) (layer F.Fab)
      (effects (font (size 1 1) (thickness 0.15)))
    )
    (fp_text user %R (at 1.25 1.5 180) (layer F.Fab)
      (effects (font (size 1 1) (thickness 0.15)))
    )
    (fp_line (start -2.91 2.61) (end -0.41 2.61) (layer F.Fab) (width 0.1))
    (fp_line (start -2.91 0.11) (end -2.91 2.61) (layer F.Fab) (width 0.1))
    (fp_line (start -2.91 2.61) (end -0.41 2.61) (layer F.SilkS) (width 0.12))
    (fp_line (start -2.91 0.11) (end -2.91 2.61) (layer F.SilkS) (width 0.12))
    (fp_line (start 4.11 0.81) (end 4.11 2.31) (layer F.SilkS) (width 0.12))
    (fp_line (start 5.11 0.81) (end 4.11 0.81) (layer F.SilkS) (width 0.12))
    (fp_line (start -1.61 0.81) (end -1.61 2.31) (layer F.SilkS) (width 0.12))
    (fp_line (start -2.61 0.81) (end -1.61 0.81) (layer F.SilkS) (width 0.12))
    (fp_line (start 4.61 0) (end 5.11 0) (layer F.SilkS) (width 0.12))
    (fp_line (start 4.61 -1.21) (end 4.61 0) (layer F.SilkS) (width 0.12))
    (fp_line (start -2.11 -1.21) (end 4.61 -1.21) (layer F.SilkS) (width 0.12))
    (fp_line (start -2.11 0) (end -2.11 -1.21) (layer F.SilkS) (width 0.12))
    (fp_line (start -2.61 0) (end -2.11 0) (layer F.SilkS) (width 0.12))
    (fp_line (start 5.11 -1.71) (end -2.61 -1.71) (layer F.SilkS) (width 0.12))
    (fp_line (start 5.11 2.31) (end 5.11 -1.71) (layer F.SilkS) (width 0.12))
    (fp_line (start -2.61 2.31) (end 5.11 2.31) (layer F.SilkS) (width 0.12))
    (fp_line (start -2.61 -1.71) (end -2.61 2.31) (layer F.SilkS) (width 0.12))
    (fp_line (start 5.5 -2.1) (end -3 -2.1) (layer F.CrtYd) (width 0.05))
    (fp_line (start 5.5 2.7) (end 5.5 -2.1) (layer F.CrtYd) (width 0.05))
    (fp_line (start -3 2.7) (end 5.5 2.7) (layer F.CrtYd) (width 0.05))
    (fp_line (start -3 -2.1) (end -3 2.7) (layer F.CrtYd) (width 0.05))
    (fp_line (start 5 -1.6) (end -2.5 -1.6) (layer F.Fab) (width 0.1))
    (fp_line (start 5 2.2) (end 5 -1.6) (layer F.Fab) (width 0.1))
    (fp_line (start -2.5 2.2) (end 5 2.2) (layer F.Fab) (width 0.1))
    (fp_line (start -2.5 -1.6) (end -2.5 2.2) (layer F.Fab) (width 0.1))
    (pad 2 thru_hole oval (at 2.5 0 180) (size 1.7 2) (drill 1) (layers *.Cu *.Mask)
      (net 3 "Net-(C2-Pad1)"))
    (pad 1 thru_hole rect (at 0 0 180) (size 1.7 2) (drill 1) (layers *.Cu *.Mask)
      (net 2 GND))
    (model ${KISYS3DMOD}/Connector_JST.3dshapes/JST_EH_B02B-EH-A_1x02_P2.50mm_Vertical.wrl
      (at (xyz 0 0 0))
      (scale (xyz 1 1 1))
      (rotate (xyz 0 0 0))
    )
  )

  (module Connector_JST:JST_EH_B02B-EH-A_1x02_P2.50mm_Vertical (layer F.Cu) (tedit 5A0EB040) (tstamp 5BCD5965)
    (at 124.6 111.8 90)
    (descr "JST EH series connector, B02B-EH-A (http://www.jst-mfg.com/product/pdf/eng/eEH.pdf), generated with kicad-footprint-generator")
    (tags "connector JST EH side entry")
    (path /5BB57E9F)
    (fp_text reference J2 (at -4.1 0 90) (layer F.SilkS)
      (effects (font (size 1 1) (thickness 0.15)))
    )
    (fp_text value Conn_01x02_Female (at 1.25 3.4 90) (layer F.Fab)
      (effects (font (size 1 1) (thickness 0.15)))
    )
    (fp_line (start -2.5 -1.6) (end -2.5 2.2) (layer F.Fab) (width 0.1))
    (fp_line (start -2.5 2.2) (end 5 2.2) (layer F.Fab) (width 0.1))
    (fp_line (start 5 2.2) (end 5 -1.6) (layer F.Fab) (width 0.1))
    (fp_line (start 5 -1.6) (end -2.5 -1.6) (layer F.Fab) (width 0.1))
    (fp_line (start -3 -2.1) (end -3 2.7) (layer F.CrtYd) (width 0.05))
    (fp_line (start -3 2.7) (end 5.5 2.7) (layer F.CrtYd) (width 0.05))
    (fp_line (start 5.5 2.7) (end 5.5 -2.1) (layer F.CrtYd) (width 0.05))
    (fp_line (start 5.5 -2.1) (end -3 -2.1) (layer F.CrtYd) (width 0.05))
    (fp_line (start -2.61 -1.71) (end -2.61 2.31) (layer F.SilkS) (width 0.12))
    (fp_line (start -2.61 2.31) (end 5.11 2.31) (layer F.SilkS) (width 0.12))
    (fp_line (start 5.11 2.31) (end 5.11 -1.71) (layer F.SilkS) (width 0.12))
    (fp_line (start 5.11 -1.71) (end -2.61 -1.71) (layer F.SilkS) (width 0.12))
    (fp_line (start -2.61 0) (end -2.11 0) (layer F.SilkS) (width 0.12))
    (fp_line (start -2.11 0) (end -2.11 -1.21) (layer F.SilkS) (width 0.12))
    (fp_line (start -2.11 -1.21) (end 4.61 -1.21) (layer F.SilkS) (width 0.12))
    (fp_line (start 4.61 -1.21) (end 4.61 0) (layer F.SilkS) (width 0.12))
    (fp_line (start 4.61 0) (end 5.11 0) (layer F.SilkS) (width 0.12))
    (fp_line (start -2.61 0.81) (end -1.61 0.81) (layer F.SilkS) (width 0.12))
    (fp_line (start -1.61 0.81) (end -1.61 2.31) (layer F.SilkS) (width 0.12))
    (fp_line (start 5.11 0.81) (end 4.11 0.81) (layer F.SilkS) (width 0.12))
    (fp_line (start 4.11 0.81) (end 4.11 2.31) (layer F.SilkS) (width 0.12))
    (fp_line (start -2.91 0.11) (end -2.91 2.61) (layer F.SilkS) (width 0.12))
    (fp_line (start -2.91 2.61) (end -0.41 2.61) (layer F.SilkS) (width 0.12))
    (fp_line (start -2.91 0.11) (end -2.91 2.61) (layer F.Fab) (width 0.1))
    (fp_line (start -2.91 2.61) (end -0.41 2.61) (layer F.Fab) (width 0.1))
    (fp_text user %R (at 1.5 1.3 90) (layer F.Fab)
      (effects (font (size 1 1) (thickness 0.15)))
    )
    (pad 1 thru_hole rect (at 0 0 90) (size 1.7 2) (drill 1) (layers *.Cu *.Mask)
      (net 6 "Net-(D2-Pad1)"))
    (pad 2 thru_hole oval (at 2.5 0 90) (size 1.7 2) (drill 1) (layers *.Cu *.Mask)
      (net 7 "Net-(J2-Pad2)"))
    (model ${KISYS3DMOD}/Connector_JST.3dshapes/JST_EH_B02B-EH-A_1x02_P2.50mm_Vertical.wrl
      (at (xyz 0 0 0))
      (scale (xyz 1 1 1))
      (rotate (xyz 0 0 0))
    )
  )

  (module Capacitor_SMD:C_0805_2012Metric (layer B.Cu) (tedit 5B36C52B) (tstamp 5BCD3BF3)
    (at 115.538 115.3)
    (descr "Capacitor SMD 0805 (2012 Metric), square (rectangular) end terminal, IPC_7351 nominal, (Body size source: https://docs.google.com/spreadsheets/d/1BsfQQcO9C6DZCsRaXUlFlo91Tg2WpOkGARC1WS5S8t0/edit?usp=sharing), generated with kicad-footprint-generator")
    (tags capacitor)
    (path /5BB50EC4)
    (attr smd)
    (fp_text reference C1 (at 0 1.65) (layer B.SilkS)
      (effects (font (size 1 1) (thickness 0.15)) (justify mirror))
    )
    (fp_text value C (at 0 -1.65) (layer B.Fab)
      (effects (font (size 1 1) (thickness 0.15)) (justify mirror))
    )
    (fp_line (start -1 -0.6) (end -1 0.6) (layer B.Fab) (width 0.1))
    (fp_line (start -1 0.6) (end 1 0.6) (layer B.Fab) (width 0.1))
    (fp_line (start 1 0.6) (end 1 -0.6) (layer B.Fab) (width 0.1))
    (fp_line (start 1 -0.6) (end -1 -0.6) (layer B.Fab) (width 0.1))
    (fp_line (start -0.258578 0.71) (end 0.258578 0.71) (layer B.SilkS) (width 0.12))
    (fp_line (start -0.258578 -0.71) (end 0.258578 -0.71) (layer B.SilkS) (width 0.12))
    (fp_line (start -1.68 -0.95) (end -1.68 0.95) (layer B.CrtYd) (width 0.05))
    (fp_line (start -1.68 0.95) (end 1.68 0.95) (layer B.CrtYd) (width 0.05))
    (fp_line (start 1.68 0.95) (end 1.68 -0.95) (layer B.CrtYd) (width 0.05))
    (fp_line (start 1.68 -0.95) (end -1.68 -0.95) (layer B.CrtYd) (width 0.05))
    (fp_text user %R (at 0 0) (layer B.Fab)
      (effects (font (size 0.5 0.5) (thickness 0.08)) (justify mirror))
    )
    (pad 1 smd roundrect (at -0.9375 0) (size 0.975 1.4) (layers B.Cu B.Paste B.Mask) (roundrect_rratio 0.25)
      (net 1 "Net-(C1-Pad1)"))
    (pad 2 smd roundrect (at 0.9375 0) (size 0.975 1.4) (layers B.Cu B.Paste B.Mask) (roundrect_rratio 0.25)
      (net 2 GND))
    (model ${KISYS3DMOD}/Capacitor_SMD.3dshapes/C_0805_2012Metric.wrl
      (at (xyz 0 0 0))
      (scale (xyz 1 1 1))
      (rotate (xyz 0 0 0))
    )
  )

  (module Capacitor_SMD:C_0805_2012Metric (layer B.Cu) (tedit 5B36C52B) (tstamp 5BCD3C2C)
    (at 113.1 112.5 270)
    (descr "Capacitor SMD 0805 (2012 Metric), square (rectangular) end terminal, IPC_7351 nominal, (Body size source: https://docs.google.com/spreadsheets/d/1BsfQQcO9C6DZCsRaXUlFlo91Tg2WpOkGARC1WS5S8t0/edit?usp=sharing), generated with kicad-footprint-generator")
    (tags capacitor)
    (path /5BB50E1F)
    (attr smd)
    (fp_text reference C3 (at 0 1.65 270) (layer B.SilkS)
      (effects (font (size 1 1) (thickness 0.15)) (justify mirror))
    )
    (fp_text value C (at 0 -1.65 270) (layer B.Fab)
      (effects (font (size 1 1) (thickness 0.15)) (justify mirror))
    )
    (fp_text user %R (at 0.1 0.2 270) (layer B.Fab)
      (effects (font (size 0.5 0.5) (thickness 0.08)) (justify mirror))
    )
    (fp_line (start 1.68 -0.95) (end -1.68 -0.95) (layer B.CrtYd) (width 0.05))
    (fp_line (start 1.68 0.95) (end 1.68 -0.95) (layer B.CrtYd) (width 0.05))
    (fp_line (start -1.68 0.95) (end 1.68 0.95) (layer B.CrtYd) (width 0.05))
    (fp_line (start -1.68 -0.95) (end -1.68 0.95) (layer B.CrtYd) (width 0.05))
    (fp_line (start -0.258578 -0.71) (end 0.258578 -0.71) (layer B.SilkS) (width 0.12))
    (fp_line (start -0.258578 0.71) (end 0.258578 0.71) (layer B.SilkS) (width 0.12))
    (fp_line (start 1 -0.6) (end -1 -0.6) (layer B.Fab) (width 0.1))
    (fp_line (start 1 0.6) (end 1 -0.6) (layer B.Fab) (width 0.1))
    (fp_line (start -1 0.6) (end 1 0.6) (layer B.Fab) (width 0.1))
    (fp_line (start -1 -0.6) (end -1 0.6) (layer B.Fab) (width 0.1))
    (pad 2 smd roundrect (at 0.9375 0 270) (size 0.975 1.4) (layers B.Cu B.Paste B.Mask) (roundrect_rratio 0.25)
      (net 2 GND))
    (pad 1 smd roundrect (at -0.9375 0 270) (size 0.975 1.4) (layers B.Cu B.Paste B.Mask) (roundrect_rratio 0.25)
      (net 4 "Net-(C3-Pad1)"))
    (model ${KISYS3DMOD}/Capacitor_SMD.3dshapes/C_0805_2012Metric.wrl
      (at (xyz 0 0 0))
      (scale (xyz 1 1 1))
      (rotate (xyz 0 0 0))
    )
  )

  (module LED_THT:LED_D3.0mm (layer B.Cu) (tedit 587A3A7B) (tstamp 5BCD3C3F)
    (at 118.6 115.2)
    (descr "LED, diameter 3.0mm, 2 pins")
    (tags "LED diameter 3.0mm 2 pins")
    (path /5BB521EE)
    (fp_text reference D1 (at 1.4 2) (layer B.SilkS)
      (effects (font (size 1 1) (thickness 0.15)) (justify mirror))
    )
    (fp_text value LED (at 1.27 -2.96) (layer B.Fab)
      (effects (font (size 1 1) (thickness 0.15)) (justify mirror))
    )
    (fp_arc (start 1.27 0) (end -0.23 1.16619) (angle -284.3) (layer B.Fab) (width 0.1))
    (fp_arc (start 1.27 0) (end -0.29 1.235516) (angle -108.8) (layer B.SilkS) (width 0.12))
    (fp_arc (start 1.27 0) (end -0.29 -1.235516) (angle 108.8) (layer B.SilkS) (width 0.12))
    (fp_arc (start 1.27 0) (end 0.229039 1.08) (angle -87.9) (layer B.SilkS) (width 0.12))
    (fp_arc (start 1.27 0) (end 0.229039 -1.08) (angle 87.9) (layer B.SilkS) (width 0.12))
    (fp_circle (center 1.27 0) (end 2.77 0) (layer B.Fab) (width 0.1))
    (fp_line (start -0.23 1.16619) (end -0.23 -1.16619) (layer B.Fab) (width 0.1))
    (fp_line (start -0.29 1.236) (end -0.29 1.08) (layer B.SilkS) (width 0.12))
    (fp_line (start -0.29 -1.08) (end -0.29 -1.236) (layer B.SilkS) (width 0.12))
    (fp_line (start -1.15 2.25) (end -1.15 -2.25) (layer B.CrtYd) (width 0.05))
    (fp_line (start -1.15 -2.25) (end 3.7 -2.25) (layer B.CrtYd) (width 0.05))
    (fp_line (start 3.7 -2.25) (end 3.7 2.25) (layer B.CrtYd) (width 0.05))
    (fp_line (start 3.7 2.25) (end -1.15 2.25) (layer B.CrtYd) (width 0.05))
    (pad 1 thru_hole rect (at 0 0) (size 1.8 1.8) (drill 0.9) (layers *.Cu *.Mask)
      (net 2 GND))
    (pad 2 thru_hole circle (at 2.54 0) (size 1.8 1.8) (drill 0.9) (layers *.Cu *.Mask)
      (net 5 "Net-(D1-Pad2)"))
    (model ${KISYS3DMOD}/LED_THT.3dshapes/LED_D3.0mm.wrl
      (at (xyz 0 0 0))
      (scale (xyz 1 1 1))
      (rotate (xyz 0 0 0))
    )
  )

  (module Diode_SMD:D_0805_2012Metric (layer B.Cu) (tedit 5B36C52B) (tstamp 5BCD3C52)
    (at 120.8 112.2 270)
    (descr "Diode SMD 0805 (2012 Metric), square (rectangular) end terminal, IPC_7351 nominal, (Body size source: https://docs.google.com/spreadsheets/d/1BsfQQcO9C6DZCsRaXUlFlo91Tg2WpOkGARC1WS5S8t0/edit?usp=sharing), generated with kicad-footprint-generator")
    (tags diode)
    (path /5BB5AE88)
    (attr smd)
    (fp_text reference D2 (at 0 1.65 270) (layer B.SilkS)
      (effects (font (size 1 1) (thickness 0.15)) (justify mirror))
    )
    (fp_text value 1N4001 (at 0 -1.65 270) (layer B.Fab)
      (effects (font (size 1 1) (thickness 0.15)) (justify mirror))
    )
    (fp_line (start 1 0.6) (end -0.7 0.6) (layer B.Fab) (width 0.1))
    (fp_line (start -0.7 0.6) (end -1 0.3) (layer B.Fab) (width 0.1))
    (fp_line (start -1 0.3) (end -1 -0.6) (layer B.Fab) (width 0.1))
    (fp_line (start -1 -0.6) (end 1 -0.6) (layer B.Fab) (width 0.1))
    (fp_line (start 1 -0.6) (end 1 0.6) (layer B.Fab) (width 0.1))
    (fp_line (start 1 0.96) (end -1.685 0.96) (layer B.SilkS) (width 0.12))
    (fp_line (start -1.685 0.96) (end -1.685 -0.96) (layer B.SilkS) (width 0.12))
    (fp_line (start -1.685 -0.96) (end 1 -0.96) (layer B.SilkS) (width 0.12))
    (fp_line (start -1.68 -0.95) (end -1.68 0.95) (layer B.CrtYd) (width 0.05))
    (fp_line (start -1.68 0.95) (end 1.68 0.95) (layer B.CrtYd) (width 0.05))
    (fp_line (start 1.68 0.95) (end 1.68 -0.95) (layer B.CrtYd) (width 0.05))
    (fp_line (start 1.68 -0.95) (end -1.68 -0.95) (layer B.CrtYd) (width 0.05))
    (fp_text user %R (at -0.138 0.3 270) (layer B.Fab)
      (effects (font (size 0.5 0.5) (thickness 0.08)) (justify mirror))
    )
    (pad 1 smd roundrect (at -0.9375 0 270) (size 0.975 1.4) (layers B.Cu B.Paste B.Mask) (roundrect_rratio 0.25)
      (net 6 "Net-(D2-Pad1)"))
    (pad 2 smd roundrect (at 0.9375 0 270) (size 0.975 1.4) (layers B.Cu B.Paste B.Mask) (roundrect_rratio 0.25)
      (net 4 "Net-(C3-Pad1)"))
    (model ${KISYS3DMOD}/Diode_SMD.3dshapes/D_0805_2012Metric.wrl
      (at (xyz 0 0 0))
      (scale (xyz 1 1 1))
      (rotate (xyz 0 0 0))
    )
  )

  (module Package_TO_SOT_SMD:SOT-23 (layer F.Cu) (tedit 5A02FF57) (tstamp 5BCD3CAF)
    (at 114.5 98.8 90)
    (descr "SOT-23, Standard")
    (tags SOT-23)
    (path /5BB50FCC)
    (attr smd)
    (fp_text reference Q1 (at 0 -2.5 90) (layer F.SilkS)
      (effects (font (size 1 1) (thickness 0.15)))
    )
    (fp_text value BC847 (at 0 2.5 90) (layer F.Fab)
      (effects (font (size 1 1) (thickness 0.15)))
    )
    (fp_text user %R (at -0.3 0.2 180) (layer F.Fab)
      (effects (font (size 0.5 0.5) (thickness 0.075)))
    )
    (fp_line (start -0.7 -0.95) (end -0.7 1.5) (layer F.Fab) (width 0.1))
    (fp_line (start -0.15 -1.52) (end 0.7 -1.52) (layer F.Fab) (width 0.1))
    (fp_line (start -0.7 -0.95) (end -0.15 -1.52) (layer F.Fab) (width 0.1))
    (fp_line (start 0.7 -1.52) (end 0.7 1.52) (layer F.Fab) (width 0.1))
    (fp_line (start -0.7 1.52) (end 0.7 1.52) (layer F.Fab) (width 0.1))
    (fp_line (start 0.76 1.58) (end 0.76 0.65) (layer F.SilkS) (width 0.12))
    (fp_line (start 0.76 -1.58) (end 0.76 -0.65) (layer F.SilkS) (width 0.12))
    (fp_line (start -1.7 -1.75) (end 1.7 -1.75) (layer F.CrtYd) (width 0.05))
    (fp_line (start 1.7 -1.75) (end 1.7 1.75) (layer F.CrtYd) (width 0.05))
    (fp_line (start 1.7 1.75) (end -1.7 1.75) (layer F.CrtYd) (width 0.05))
    (fp_line (start -1.7 1.75) (end -1.7 -1.75) (layer F.CrtYd) (width 0.05))
    (fp_line (start 0.76 -1.58) (end -1.4 -1.58) (layer F.SilkS) (width 0.12))
    (fp_line (start 0.76 1.58) (end -0.7 1.58) (layer F.SilkS) (width 0.12))
    (pad 1 smd rect (at -1 -0.95 90) (size 0.9 0.8) (layers F.Cu F.Paste F.Mask)
      (net 8 "Net-(Q1-Pad1)"))
    (pad 2 smd rect (at -1 0.95 90) (size 0.9 0.8) (layers F.Cu F.Paste F.Mask)
      (net 2 GND))
    (pad 3 smd rect (at 1 0 90) (size 0.9 0.8) (layers F.Cu F.Paste F.Mask)
      (net 9 "Net-(Q1-Pad3)"))
    (model ${KISYS3DMOD}/Package_TO_SOT_SMD.3dshapes/SOT-23.wrl
      (at (xyz 0 0 0))
      (scale (xyz 1 1 1))
      (rotate (xyz 0 0 0))
    )
  )

  (module Resistor_SMD:R_0805_2012Metric (layer B.Cu) (tedit 5B36C52B) (tstamp 5BCD3CC0)
    (at 125.462 115 180)
    (descr "Resistor SMD 0805 (2012 Metric), square (rectangular) end terminal, IPC_7351 nominal, (Body size source: https://docs.google.com/spreadsheets/d/1BsfQQcO9C6DZCsRaXUlFlo91Tg2WpOkGARC1WS5S8t0/edit?usp=sharing), generated with kicad-footprint-generator")
    (tags resistor)
    (path /5BB51187)
    (attr smd)
    (fp_text reference R1 (at 0.162 -1.7 180) (layer B.SilkS)
      (effects (font (size 1 1) (thickness 0.15)) (justify mirror))
    )
    (fp_text value R (at 0 -1.65 180) (layer B.Fab)
      (effects (font (size 1 1) (thickness 0.15)) (justify mirror))
    )
    (fp_text user %R (at 0.1375 0.2 180) (layer B.Fab)
      (effects (font (size 0.5 0.5) (thickness 0.08)) (justify mirror))
    )
    (fp_line (start 1.68 -0.95) (end -1.68 -0.95) (layer B.CrtYd) (width 0.05))
    (fp_line (start 1.68 0.95) (end 1.68 -0.95) (layer B.CrtYd) (width 0.05))
    (fp_line (start -1.68 0.95) (end 1.68 0.95) (layer B.CrtYd) (width 0.05))
    (fp_line (start -1.68 -0.95) (end -1.68 0.95) (layer B.CrtYd) (width 0.05))
    (fp_line (start -0.258578 -0.71) (end 0.258578 -0.71) (layer B.SilkS) (width 0.12))
    (fp_line (start -0.258578 0.71) (end 0.258578 0.71) (layer B.SilkS) (width 0.12))
    (fp_line (start 1 -0.6) (end -1 -0.6) (layer B.Fab) (width 0.1))
    (fp_line (start 1 0.6) (end 1 -0.6) (layer B.Fab) (width 0.1))
    (fp_line (start -1 0.6) (end 1 0.6) (layer B.Fab) (width 0.1))
    (fp_line (start -1 -0.6) (end -1 0.6) (layer B.Fab) (width 0.1))
    (pad 2 smd roundrect (at 0.9375 0 180) (size 0.975 1.4) (layers B.Cu B.Paste B.Mask) (roundrect_rratio 0.25)
      (net 5 "Net-(D1-Pad2)"))
    (pad 1 smd roundrect (at -0.9375 0 180) (size 0.975 1.4) (layers B.Cu B.Paste B.Mask) (roundrect_rratio 0.25)
      (net 4 "Net-(C3-Pad1)"))
    (model ${KISYS3DMOD}/Resistor_SMD.3dshapes/R_0805_2012Metric.wrl
      (at (xyz 0 0 0))
      (scale (xyz 1 1 1))
      (rotate (xyz 0 0 0))
    )
  )

  (module Resistor_SMD:R_0805_2012Metric (layer B.Cu) (tedit 5B36C52B) (tstamp 5BCD3CD1)
    (at 116.262 112.4)
    (descr "Resistor SMD 0805 (2012 Metric), square (rectangular) end terminal, IPC_7351 nominal, (Body size source: https://docs.google.com/spreadsheets/d/1BsfQQcO9C6DZCsRaXUlFlo91Tg2WpOkGARC1WS5S8t0/edit?usp=sharing), generated with kicad-footprint-generator")
    (tags resistor)
    (path /5BB511FE)
    (attr smd)
    (fp_text reference R2 (at 0 1.65) (layer B.SilkS)
      (effects (font (size 1 1) (thickness 0.15)) (justify mirror))
    )
    (fp_text value R (at 0 -1.65) (layer B.Fab)
      (effects (font (size 1 1) (thickness 0.15)) (justify mirror))
    )
    (fp_line (start -1 -0.6) (end -1 0.6) (layer B.Fab) (width 0.1))
    (fp_line (start -1 0.6) (end 1 0.6) (layer B.Fab) (width 0.1))
    (fp_line (start 1 0.6) (end 1 -0.6) (layer B.Fab) (width 0.1))
    (fp_line (start 1 -0.6) (end -1 -0.6) (layer B.Fab) (width 0.1))
    (fp_line (start -0.258578 0.71) (end 0.258578 0.71) (layer B.SilkS) (width 0.12))
    (fp_line (start -0.258578 -0.71) (end 0.258578 -0.71) (layer B.SilkS) (width 0.12))
    (fp_line (start -1.68 -0.95) (end -1.68 0.95) (layer B.CrtYd) (width 0.05))
    (fp_line (start -1.68 0.95) (end 1.68 0.95) (layer B.CrtYd) (width 0.05))
    (fp_line (start 1.68 0.95) (end 1.68 -0.95) (layer B.CrtYd) (width 0.05))
    (fp_line (start 1.68 -0.95) (end -1.68 -0.95) (layer B.CrtYd) (width 0.05))
    (fp_text user %R (at -0.4 -0.1) (layer B.Fab)
      (effects (font (size 0.5 0.5) (thickness 0.08)) (justify mirror))
    )
    (pad 1 smd roundrect (at -0.9375 0) (size 0.975 1.4) (layers B.Cu B.Paste B.Mask) (roundrect_rratio 0.25)
      (net 1 "Net-(C1-Pad1)"))
    (pad 2 smd roundrect (at 0.9375 0) (size 0.975 1.4) (layers B.Cu B.Paste B.Mask) (roundrect_rratio 0.25)
      (net 10 "Net-(R2-Pad2)"))
    (model ${KISYS3DMOD}/Resistor_SMD.3dshapes/R_0805_2012Metric.wrl
      (at (xyz 0 0 0))
      (scale (xyz 1 1 1))
      (rotate (xyz 0 0 0))
    )
  )

  (module Resistor_SMD:R_0805_2012Metric (layer B.Cu) (tedit 5B36C52B) (tstamp 5BCD3CE2)
    (at 115.4 108.4 180)
    (descr "Resistor SMD 0805 (2012 Metric), square (rectangular) end terminal, IPC_7351 nominal, (Body size source: https://docs.google.com/spreadsheets/d/1BsfQQcO9C6DZCsRaXUlFlo91Tg2WpOkGARC1WS5S8t0/edit?usp=sharing), generated with kicad-footprint-generator")
    (tags resistor)
    (path /5BB51124)
    (attr smd)
    (fp_text reference R3 (at 0 1.4 180) (layer B.SilkS)
      (effects (font (size 1 1) (thickness 0.15)) (justify mirror))
    )
    (fp_text value R (at 0 -1.65 180) (layer B.Fab)
      (effects (font (size 1 1) (thickness 0.15)) (justify mirror))
    )
    (fp_line (start -1 -0.6) (end -1 0.6) (layer B.Fab) (width 0.1))
    (fp_line (start -1 0.6) (end 1 0.6) (layer B.Fab) (width 0.1))
    (fp_line (start 1 0.6) (end 1 -0.6) (layer B.Fab) (width 0.1))
    (fp_line (start 1 -0.6) (end -1 -0.6) (layer B.Fab) (width 0.1))
    (fp_line (start -0.258578 0.71) (end 0.258578 0.71) (layer B.SilkS) (width 0.12))
    (fp_line (start -0.258578 -0.71) (end 0.258578 -0.71) (layer B.SilkS) (width 0.12))
    (fp_line (start -1.68 -0.95) (end -1.68 0.95) (layer B.CrtYd) (width 0.05))
    (fp_line (start -1.68 0.95) (end 1.68 0.95) (layer B.CrtYd) (width 0.05))
    (fp_line (start 1.68 0.95) (end 1.68 -0.95) (layer B.CrtYd) (width 0.05))
    (fp_line (start 1.68 -0.95) (end -1.68 -0.95) (layer B.CrtYd) (width 0.05))
    (fp_text user %R (at 0.1 -0.1 180) (layer B.Fab)
      (effects (font (size 0.5 0.5) (thickness 0.08)) (justify mirror))
    )
    (pad 1 smd roundrect (at -0.9375 0 180) (size 0.975 1.4) (layers B.Cu B.Paste B.Mask) (roundrect_rratio 0.25)
      (net 7 "Net-(J2-Pad2)"))
    (pad 2 smd roundrect (at 0.9375 0 180) (size 0.975 1.4) (layers B.Cu B.Paste B.Mask) (roundrect_rratio 0.25)
      (net 2 GND))
    (model ${KISYS3DMOD}/Resistor_SMD.3dshapes/R_0805_2012Metric.wrl
      (at (xyz 0 0 0))
      (scale (xyz 1 1 1))
      (rotate (xyz 0 0 0))
    )
  )

  (module Resistor_SMD:R_0805_2012Metric (layer B.Cu) (tedit 5B36C52B) (tstamp 5BCD3CF3)
    (at 116.5 104.9 270)
    (descr "Resistor SMD 0805 (2012 Metric), square (rectangular) end terminal, IPC_7351 nominal, (Body size source: https://docs.google.com/spreadsheets/d/1BsfQQcO9C6DZCsRaXUlFlo91Tg2WpOkGARC1WS5S8t0/edit?usp=sharing), generated with kicad-footprint-generator")
    (tags resistor)
    (path /5BB51267)
    (attr smd)
    (fp_text reference R4 (at -0.1 1.5 270) (layer B.SilkS)
      (effects (font (size 1 1) (thickness 0.15)) (justify mirror))
    )
    (fp_text value R (at 0 -1.65 270) (layer B.Fab)
      (effects (font (size 1 1) (thickness 0.15)) (justify mirror))
    )
    (fp_text user %R (at 0.1 -2.5 270) (layer B.Fab)
      (effects (font (size 0.5 0.5) (thickness 0.08)) (justify mirror))
    )
    (fp_line (start 1.68 -0.95) (end -1.68 -0.95) (layer B.CrtYd) (width 0.05))
    (fp_line (start 1.68 0.95) (end 1.68 -0.95) (layer B.CrtYd) (width 0.05))
    (fp_line (start -1.68 0.95) (end 1.68 0.95) (layer B.CrtYd) (width 0.05))
    (fp_line (start -1.68 -0.95) (end -1.68 0.95) (layer B.CrtYd) (width 0.05))
    (fp_line (start -0.258578 -0.71) (end 0.258578 -0.71) (layer B.SilkS) (width 0.12))
    (fp_line (start -0.258578 0.71) (end 0.258578 0.71) (layer B.SilkS) (width 0.12))
    (fp_line (start 1 -0.6) (end -1 -0.6) (layer B.Fab) (width 0.1))
    (fp_line (start 1 0.6) (end 1 -0.6) (layer B.Fab) (width 0.1))
    (fp_line (start -1 0.6) (end 1 0.6) (layer B.Fab) (width 0.1))
    (fp_line (start -1 -0.6) (end -1 0.6) (layer B.Fab) (width 0.1))
    (pad 2 smd roundrect (at 0.9375 0 270) (size 0.975 1.4) (layers B.Cu B.Paste B.Mask) (roundrect_rratio 0.25)
      (net 7 "Net-(J2-Pad2)"))
    (pad 1 smd roundrect (at -0.9375 0 270) (size 0.975 1.4) (layers B.Cu B.Paste B.Mask) (roundrect_rratio 0.25)
      (net 8 "Net-(Q1-Pad1)"))
    (model ${KISYS3DMOD}/Resistor_SMD.3dshapes/R_0805_2012Metric.wrl
      (at (xyz 0 0 0))
      (scale (xyz 1 1 1))
      (rotate (xyz 0 0 0))
    )
  )

  (module Resistor_SMD:R_0805_2012Metric (layer B.Cu) (tedit 5B36C52B) (tstamp 5BCD3D04)
    (at 124.8 107 180)
    (descr "Resistor SMD 0805 (2012 Metric), square (rectangular) end terminal, IPC_7351 nominal, (Body size source: https://docs.google.com/spreadsheets/d/1BsfQQcO9C6DZCsRaXUlFlo91Tg2WpOkGARC1WS5S8t0/edit?usp=sharing), generated with kicad-footprint-generator")
    (tags resistor)
    (path /5BB5105E)
    (attr smd)
    (fp_text reference R5 (at 0 1.65 180) (layer B.SilkS)
      (effects (font (size 1 1) (thickness 0.15)) (justify mirror))
    )
    (fp_text value R (at 0 -1.65 180) (layer B.Fab)
      (effects (font (size 1 1) (thickness 0.15)) (justify mirror))
    )
    (fp_line (start -1 -0.6) (end -1 0.6) (layer B.Fab) (width 0.1))
    (fp_line (start -1 0.6) (end 1 0.6) (layer B.Fab) (width 0.1))
    (fp_line (start 1 0.6) (end 1 -0.6) (layer B.Fab) (width 0.1))
    (fp_line (start 1 -0.6) (end -1 -0.6) (layer B.Fab) (width 0.1))
    (fp_line (start -0.258578 0.71) (end 0.258578 0.71) (layer B.SilkS) (width 0.12))
    (fp_line (start -0.258578 -0.71) (end 0.258578 -0.71) (layer B.SilkS) (width 0.12))
    (fp_line (start -1.68 -0.95) (end -1.68 0.95) (layer B.CrtYd) (width 0.05))
    (fp_line (start -1.68 0.95) (end 1.68 0.95) (layer B.CrtYd) (width 0.05))
    (fp_line (start 1.68 0.95) (end 1.68 -0.95) (layer B.CrtYd) (width 0.05))
    (fp_line (start 1.68 -0.95) (end -1.68 -0.95) (layer B.CrtYd) (width 0.05))
    (fp_text user %R (at 0 0 180) (layer B.Fab)
      (effects (font (size 0.5 0.5) (thickness 0.08)) (justify mirror))
    )
    (pad 1 smd roundrect (at -0.9375 0 180) (size 0.975 1.4) (layers B.Cu B.Paste B.Mask) (roundrect_rratio 0.25)
      (net 4 "Net-(C3-Pad1)"))
    (pad 2 smd roundrect (at 0.9375 0 180) (size 0.975 1.4) (layers B.Cu B.Paste B.Mask) (roundrect_rratio 0.25)
      (net 9 "Net-(Q1-Pad3)"))
    (model ${KISYS3DMOD}/Resistor_SMD.3dshapes/R_0805_2012Metric.wrl
      (at (xyz 0 0 0))
      (scale (xyz 1 1 1))
      (rotate (xyz 0 0 0))
    )
  )

  (module Resistor_SMD:R_0805_2012Metric (layer B.Cu) (tedit 5BB51805) (tstamp 5BCD3D15)
    (at 121.5 107.738 270)
    (descr "Resistor SMD 0805 (2012 Metric), square (rectangular) end terminal, IPC_7351 nominal, (Body size source: https://docs.google.com/spreadsheets/d/1BsfQQcO9C6DZCsRaXUlFlo91Tg2WpOkGARC1WS5S8t0/edit?usp=sharing), generated with kicad-footprint-generator")
    (tags resistor)
    (path /5BB510C1)
    (attr smd)
    (fp_text reference R6 (at 0 1.65 90) (layer B.SilkS)
      (effects (font (size 1 1) (thickness 0.15)) (justify mirror))
    )
    (fp_text value R (at 0 -1.65 270) (layer B.Fab)
      (effects (font (size 1 1) (thickness 0.15)) (justify mirror))
    )
    (fp_text user %R (at -0.105001 -0.3 270) (layer B.Fab)
      (effects (font (size 0.5 0.5) (thickness 0.08)) (justify mirror))
    )
    (fp_line (start 1.68 -0.95) (end -1.68 -0.95) (layer B.CrtYd) (width 0.05))
    (fp_line (start 1.68 0.95) (end 1.68 -0.95) (layer B.CrtYd) (width 0.05))
    (fp_line (start -1.68 0.95) (end 1.68 0.95) (layer B.CrtYd) (width 0.05))
    (fp_line (start -1.68 -0.95) (end -1.68 0.95) (layer B.CrtYd) (width 0.05))
    (fp_line (start -0.258578 -0.71) (end 0.258578 -0.71) (layer B.SilkS) (width 0.12))
    (fp_line (start -0.258578 0.71) (end 0.258578 0.71) (layer B.SilkS) (width 0.12))
    (fp_line (start 1 -0.6) (end -1 -0.6) (layer B.Fab) (width 0.1))
    (fp_line (start 1 0.6) (end 1 -0.6) (layer B.Fab) (width 0.1))
    (fp_line (start -1 0.6) (end 1 0.6) (layer B.Fab) (width 0.1))
    (fp_line (start -1 -0.6) (end -1 0.6) (layer B.Fab) (width 0.1))
    (pad 2 smd roundrect (at 0.9375 0 270) (size 0.975 1.4) (layers B.Cu B.Paste B.Mask) (roundrect_rratio 0.25)
      (net 7 "Net-(J2-Pad2)"))
    (pad 1 smd roundrect (at -0.9375 0 270) (size 0.975 1.4) (layers B.Cu B.Paste B.Mask) (roundrect_rratio 0.25)
      (net 9 "Net-(Q1-Pad3)"))
    (model ${KISYS3DMOD}/Resistor_SMD.3dshapes/R_0805_2012Metric.wrl
      (at (xyz 0 0 0))
      (scale (xyz 1 1 1))
      (rotate (xyz 0 0 0))
    )
  )

  (module Button_Switch_Keyboard:Pulsador (layer B.Cu) (tedit 5BB3EF52) (tstamp 5BCD3D47)
    (at 114.5 99.1 180)
    (path /5BB52E11)
    (fp_text reference SW1 (at 0.2 4.2 180) (layer B.SilkS)
      (effects (font (size 1 1) (thickness 0.17)) (justify mirror))
    )
    (fp_text value Pulsador (at 0.02 4.41 180) (layer B.Fab)
      (effects (font (size 1 1) (thickness 0.17)) (justify mirror))
    )
    (fp_line (start -3.36 -3.36) (end -3.36 3.36) (layer B.SilkS) (width 0.2))
    (fp_circle (center 0 0) (end 2.5 0) (layer B.SilkS) (width 0.2))
    (fp_line (start -3.36 3.36) (end 3.36 3.36) (layer B.SilkS) (width 0.2))
    (fp_line (start 3.36 3.36) (end 3.36 -3.36) (layer B.SilkS) (width 0.2))
    (fp_line (start 3.36 -3.36) (end -3.36 -3.36) (layer B.SilkS) (width 0.2))
    (fp_line (start -3 -3) (end 3 -3) (layer B.Fab) (width 0.12))
    (fp_line (start 3 -3) (end 3 3) (layer B.Fab) (width 0.12))
    (fp_line (start 3 3) (end -3 3) (layer B.Fab) (width 0.12))
    (fp_line (start -3 3) (end -3 -3) (layer B.Fab) (width 0.12))
    (fp_line (start 0.01 3.35) (end -0.45 2.91) (layer B.SilkS) (width 0.2))
    (fp_line (start -0.45 2.91) (end 0.36 2.92) (layer B.SilkS) (width 0.2))
    (fp_line (start 0.36 2.92) (end -0.02 3.33) (layer B.SilkS) (width 0.2))
    (fp_line (start -4.2 3.46) (end 4.2 3.46) (layer B.CrtYd) (width 0.05))
    (fp_line (start 4.2 3.46) (end 4.2 -3.46) (layer B.CrtYd) (width 0.05))
    (fp_line (start 4.2 -3.46) (end -4.2 -3.46) (layer B.CrtYd) (width 0.05))
    (fp_line (start -4.2 -3.46) (end -4.2 3.46) (layer B.CrtYd) (width 0.05))
    (pad 1 thru_hole circle (at -3.25 2.25 180) (size 1.524 1.524) (drill 0.762) (layers *.Cu *.Mask)
      (net 2 GND))
    (pad 1 thru_hole circle (at 3.25 2.25 180) (size 1.524 1.524) (drill 0.762) (layers *.Cu *.Mask)
      (net 2 GND))
    (pad 2 thru_hole circle (at 3.25 -2.25 180) (size 1.524 1.524) (drill 0.762) (layers *.Cu *.Mask)
      (net 9 "Net-(Q1-Pad3)"))
    (pad 2 thru_hole circle (at -3.25 -2.25 180) (size 1.524 1.524) (drill 0.762) (layers *.Cu *.Mask)
      (net 9 "Net-(Q1-Pad3)"))
    (model :Mis3D:TOPPUSH.wrl
      (offset (xyz 0 0 -2.8))
      (scale (xyz 0.3937 0.3937 0.3937))
      (rotate (xyz 0 0 90))
    )
  )

  (module Package_TO_SOT_SMD:SOT-223 (layer B.Cu) (tedit 5A02FF57) (tstamp 5BCD3D5D)
    (at 123.6 97.1 270)
    (descr "module CMS SOT223 4 pins")
    (tags "CMS SOT")
    (path /5BB50DA0)
    (attr smd)
    (fp_text reference U1 (at 0 4.5 270) (layer B.SilkS)
      (effects (font (size 1 1) (thickness 0.15)) (justify mirror))
    )
    (fp_text value LM317_TO3 (at -3.3 -4.6 270) (layer B.Fab)
      (effects (font (size 1 1) (thickness 0.15)) (justify mirror))
    )
    (fp_text user %R (at 0 1.4 270) (layer B.Fab)
      (effects (font (size 0.8 0.8) (thickness 0.12)) (justify mirror))
    )
